 degree:12
 order:80
[ 12, 12, 3, 4, 12, 36 ][ 3, 0, 0, 2, 2, 0, 0, 3, 2, 0, 0, 1, 1, 1, 2 ] 
minimal polynomial:
[ x-12, x-3, x-1, x, x+3, x+4, x+5 ]
[ x-12, x-1, x+3, x+4 ]
[ x-3, x+1 ]
[ x-4, x+1 ]
[ x-12, x, x+4 ]
[ x-36, x-5, x-3, x, x+3, x+9, x+12 ]

 SITA: 

[ [ [ 1, 0, 0, 0, 0, 0, 0 ], [ 0, 1, 0, 0, 0, 0, 0 ], [ 0, 0, 1, 0, 0, 0, 0 ], [ 0, 0, 0, 1, 0, 0, 0 ],
      [ 0, 0, 0, 0, 1, 0, 0 ], [ 0, 0, 0, 0, 0, 1, 0 ], [ 0, 0, 0, 0, 0, 0, 1 ] ],
  [ [ 0, 12, 0, 0, 0, 0, 0 ], [ 1, 0, 3, 0, 0, 2, 6 ], [ 0, 3, 0, 0, 0, 3, 6 ], [ 0, 0, 0, 0, 0, 0, 12 ],
      [ 0, 0, 0, 0, 0, 3, 9 ], [ 0, 2, 3, 0, 1, 0, 6 ], [ 0, 2, 2, 1, 1, 2, 4 ] ],
  [ [ 0, 0, 12, 0, 0, 0, 0 ], [ 0, 3, 0, 0, 0, 3, 6 ], [ 1, 0, 6, 2, 3, 0, 0 ], [ 0, 0, 8, 0, 4, 0, 0 ],
      [ 0, 0, 9, 3, 0, 0, 0 ], [ 0, 3, 0, 0, 0, 0, 9 ], [ 0, 2, 0, 0, 0, 3, 7 ] ],
  [ [ 0, 0, 0, 3, 0, 0, 0 ], [ 0, 0, 0, 0, 0, 0, 3 ], [ 0, 0, 2, 0, 1, 0, 0 ], [ 1, 0, 0, 2, 0, 0, 0 ],
      [ 0, 0, 3, 0, 0, 0, 0 ], [ 0, 0, 0, 0, 0, 3, 0 ], [ 0, 1, 0, 0, 0, 0, 2 ] ],
  [ [ 0, 0, 0, 0, 4, 0, 0 ], [ 0, 0, 0, 0, 0, 1, 3 ], [ 0, 0, 3, 1, 0, 0, 0 ], [ 0, 0, 4, 0, 0, 0, 0 ],
      [ 1, 0, 0, 0, 3, 0, 0 ], [ 0, 1, 0, 0, 0, 0, 3 ], [ 0, 1, 0, 0, 0, 1, 2 ] ],
  [ [ 0, 0, 0, 0, 0, 12, 0 ], [ 0, 2, 3, 0, 1, 0, 6 ], [ 0, 3, 0, 0, 0, 0, 9 ], [ 0, 0, 0, 0, 0, 12, 0 ],
      [ 0, 3, 0, 0, 0, 0, 9 ], [ 1, 0, 0, 3, 0, 8, 0 ], [ 0, 2, 3, 0, 1, 0, 6 ] ],
  [ [ 0, 0, 0, 0, 0, 0, 36 ], [ 0, 6, 6, 3, 3, 6, 12 ], [ 0, 6, 0, 0, 0, 9, 21 ], [ 0, 12, 0, 0, 0, 0, 24 ],
      [ 0, 9, 0, 0, 0, 9, 18 ], [ 0, 6, 9, 0, 3, 0, 18 ], [ 1, 4, 7, 2, 2, 6, 14 ] ] ]