 degree:12
 order:120
[ 12, 18, 5, 24, 24, 36 ][ 4, 12, 0, 0, 0, 0, 0, 6, 0, 0, 0, 0, 0, 8, 4 ]
minimal polynomial:
[ x-12, x, x+12, x^2-96, x^2-24 ]1
[ x-18, x-6, x, x+12 ]
[ x-5, x+1 ]
[ x-24, x, x+24, x^2-96 ]
[ x-24, x, x+24, x^2-216 ]
[ x-36, x-6, x, x+12 ]

 SITA: 


[ [ [ 1, 0, 0, 0, 0, 0, 0 ], [ 0, 1, 0, 0, 0, 0, 0 ], [ 0, 0, 1, 0, 0, 0, 0 ], [ 0, 0, 0, 1, 0, 0, 0 ],
      [ 0, 0, 0, 0, 1, 0, 0 ], [ 0, 0, 0, 0, 0, 1, 0 ], [ 0, 0, 0, 0, 0, 0, 1 ] ],
  [ [ 0, 12, 0, 0, 0, 0, 0 ], [ 1, 0, 6, 5, 0, 0, 0 ], [ 0, 4, 0, 0, 0, 8, 0 ], [ 0, 12, 0, 0, 0, 0, 0 ],
      [ 0, 0, 0, 0, 0, 0, 12 ], [ 0, 0, 6, 0, 0, 0, 6 ], [ 0, 0, 0, 0, 8, 4, 0 ] ],
  [ [ 0, 0, 18, 0, 0, 0, 0 ], [ 0, 6, 0, 0, 0, 12, 0 ], [ 1, 0, 0, 5, 0, 0, 12 ], [ 0, 0, 18, 0, 0, 0, 0 ],
      [ 0, 0, 0, 0, 6, 12, 0 ], [ 0, 6, 0, 0, 12, 0, 0 ], [ 0, 0, 6, 0, 0, 0, 12 ] ],
  [ [ 0, 0, 0, 5, 0, 0, 0 ], [ 0, 5, 0, 0, 0, 0, 0 ], [ 0, 0, 5, 0, 0, 0, 0 ], [ 1, 0, 0, 4, 0, 0, 0 ],
      [ 0, 0, 0, 0, 5, 0, 0 ], [ 0, 0, 0, 0, 0, 5, 0 ], [ 0, 0, 0, 0, 0, 0, 5 ] ],
  [ [ 0, 0, 0, 0, 24, 0, 0 ], [ 0, 0, 0, 0, 0, 0, 24 ], [ 0, 0, 0, 0, 8, 16, 0 ], [ 0, 0, 0, 0, 24, 0, 0 ],
      [ 1, 0, 6, 5, 0, 0, 12 ], [ 0, 0, 12, 0, 0, 0, 12 ], [ 0, 8, 0, 0, 8, 8, 0 ] ],
  [ [ 0, 0, 0, 0, 0, 24, 0 ], [ 0, 0, 12, 0, 0, 0, 12 ], [ 0, 8, 0, 0, 16, 0, 0 ], [ 0, 0, 0, 0, 0, 24, 0 ],
      [ 0, 0, 12, 0, 0, 0, 12 ], [ 1, 0, 0, 5, 0, 0, 18 ], [ 0, 4, 0, 0, 8, 12, 0 ] ],
  [ [ 0, 0, 0, 0, 0, 0, 36 ], [ 0, 0, 0, 0, 24, 12, 0 ], [ 0, 0, 12, 0, 0, 0, 24 ], [ 0, 0, 0, 0, 0, 0, 36 ],
      [ 0, 12, 0, 0, 12, 12, 0 ], [ 0, 6, 0, 0, 12, 18, 0 ], [ 1, 0, 12, 5, 0, 0, 18 ] ] ]