 degree:12
 order:48
[ 12, 12, 1, 2, 8, 12 ][ 4, 12, 0, 3, 2, 0, 0, 6, 4, 0, 0, 0, 0, 2, 2 ]
minimal polynomial:
[ x-12, x-2, x, x+4, x+6, x^2-24 ]1
[ x-12, x, x+4 ]
[ x-1, x+1 ]
[ x-2, x, x+2 ]
[ x-8, x, x+4 ]
[ x-12, x-2, x, x+4, x+6, x^2-24 ]

 SITA:


[ [ [ 1, 0, 0, 0, 0, 0, 0 ], [ 0, 1, 0, 0, 0, 0, 0 ], [ 0, 0, 1, 0, 0, 0, 0 ], [ 0, 0, 0, 1, 0, 0, 0 ],
      [ 0, 0, 0, 0, 1, 0, 0 ], [ 0, 0, 0, 0, 0, 1, 0 ], [ 0, 0, 0, 0, 0, 0, 1 ] ],
  [ [ 0, 12, 0, 0, 0, 0, 0 ], [ 1, 2, 4, 1, 0, 2, 2 ], [ 0, 4, 0, 0, 0, 4, 4 ], [ 0, 12, 0, 0, 0, 0, 0 ],
      [ 0, 0, 0, 0, 0, 0, 12 ], [ 0, 3, 6, 0, 0, 0, 3 ], [ 0, 2, 4, 0, 2, 2, 2 ] ],
  [ [ 0, 0, 12, 0, 0, 0, 0 ], [ 0, 4, 0, 0, 0, 4, 4 ], [ 1, 0, 8, 1, 2, 0, 0 ], [ 0, 0, 12, 0, 0, 0, 0 ],
      [ 0, 0, 12, 0, 0, 0, 0 ], [ 0, 6, 0, 0, 0, 0, 6 ], [ 0, 4, 0, 0, 0, 4, 4 ] ],
  [ [ 0, 0, 0, 1, 0, 0, 0 ], [ 0, 1, 0, 0, 0, 0, 0 ], [ 0, 0, 1, 0, 0, 0, 0 ], [ 1, 0, 0, 0, 0, 0, 0 ],
      [ 0, 0, 0, 0, 1, 0, 0 ], [ 0, 0, 0, 0, 0, 1, 0 ], [ 0, 0, 0, 0, 0, 0, 1 ] ],
  [ [ 0, 0, 0, 0, 2, 0, 0 ], [ 0, 0, 0, 0, 0, 0, 2 ], [ 0, 0, 2, 0, 0, 0, 0 ], [ 0, 0, 0, 0, 2, 0, 0 ],
      [ 1, 0, 0, 1, 0, 0, 0 ], [ 0, 0, 0, 0, 0, 2, 0 ], [ 0, 2, 0, 0, 0, 0, 0 ] ],
  [ [ 0, 0, 0, 0, 0, 8, 0 ], [ 0, 2, 4, 0, 0, 0, 2 ], [ 0, 4, 0, 0, 0, 0, 4 ], [ 0, 0, 0, 0, 0, 8, 0 ],
      [ 0, 0, 0, 0, 0, 8, 0 ], [ 1, 0, 0, 1, 2, 4, 0 ], [ 0, 2, 4, 0, 0, 0, 2 ] ],
  [ [ 0, 0, 0, 0, 0, 0, 12 ], [ 0, 2, 4, 0, 2, 2, 2 ], [ 0, 4, 0, 0, 0, 4, 4 ], [ 0, 0, 0, 0, 0, 0, 12 ],
      [ 0, 12, 0, 0, 0, 0, 0 ], [ 0, 3, 6, 0, 0, 0, 3 ], [ 1, 2, 4, 1, 0, 2, 2 ] ] ]