 degree:12
 order:160
[ 12, 3, 12, 24, 36, 72 ][ 4, 4, 0, 2, 0, 2, 0, 0, 0, 0, 2, 0, 0, 4, 4 ]
minimal polynomial:
[ x-12, x-8, x, x+4, x+8, x^2+4*x-8 ]1
[ x-3, x+1 ]
[ x-12, x-8, x, x+4, x+8, x^2-4*x-8 ]
[ x-24, x-8, x, x+8 ]
[ x-36, x-4, x, x+12 ]
[ x-72, x-8, x, x+16, x+48 ]

 SITA: 

[ [ [ 1, 0, 0, 0, 0, 0, 0 ], [ 0, 1, 0, 0, 0, 0, 0 ], [ 0, 0, 1, 0, 0, 0, 0 ], [ 0, 0, 0, 1, 0, 0, 0 ],
      [ 0, 0, 0, 0, 1, 0, 0 ], [ 0, 0, 0, 0, 0, 1, 0 ], [ 0, 0, 0, 0, 0, 0, 1 ] ],
  [ [ 0, 12, 0, 0, 0, 0, 0 ], [ 1, 0, 1, 4, 0, 6, 0 ], [ 0, 4, 0, 8, 0, 0, 0 ], [ 0, 4, 2, 0, 0, 6, 0 ],
      [ 0, 0, 0, 0, 0, 0, 12 ], [ 0, 2, 0, 2, 0, 0, 8 ], [ 0, 0, 0, 0, 4, 4, 4 ] ],
  [ [ 0, 0, 3, 0, 0, 0, 0 ], [ 0, 1, 0, 2, 0, 0, 0 ], [ 1, 0, 2, 0, 0, 0, 0 ], [ 0, 2, 0, 1, 0, 0, 0 ],
      [ 0, 0, 0, 0, 3, 0, 0 ], [ 0, 0, 0, 0, 0, 3, 0 ], [ 0, 0, 0, 0, 0, 0, 3 ] ],
  [ [ 0, 0, 0, 12, 0, 0, 0 ], [ 0, 4, 2, 0, 0, 6, 0 ], [ 0, 8, 0, 4, 0, 0, 0 ], [ 1, 0, 1, 4, 0, 6, 0 ],
      [ 0, 0, 0, 0, 0, 0, 12 ], [ 0, 2, 0, 2, 0, 0, 8 ], [ 0, 0, 0, 0, 4, 4, 4 ] ],
  [ [ 0, 0, 0, 0, 24, 0, 0 ], [ 0, 0, 0, 0, 0, 0, 24 ], [ 0, 0, 0, 0, 24, 0, 0 ], [ 0, 0, 0, 0, 0, 0, 24 ],
      [ 1, 0, 3, 0, 8, 12, 0 ], [ 0, 0, 0, 0, 8, 16, 0 ], [ 0, 4, 0, 4, 0, 0, 16 ] ],
  [ [ 0, 0, 0, 0, 0, 36, 0 ], [ 0, 6, 0, 6, 0, 0, 24 ], [ 0, 0, 0, 0, 0, 36, 0 ], [ 0, 6, 0, 6, 0, 0, 24 ],
      [ 0, 0, 0, 0, 12, 24, 0 ], [ 1, 0, 3, 0, 16, 16, 0 ], [ 0, 4, 0, 4, 0, 0, 28 ] ],
  [ [ 0, 0, 0, 0, 0, 0, 72 ], [ 0, 0, 0, 0, 24, 24, 24 ], [ 0, 0, 0, 0, 0, 0, 72 ], [ 0, 0, 0, 0, 24, 24, 24 ],
      [ 0, 12, 0, 12, 0, 0, 48 ], [ 0, 8, 0, 8, 0, 0, 56 ], [ 1, 4, 3, 4, 16, 28, 16 ] ] ]
