 degree:12
 order:56
[ 12, 12, 3, 4, 12, 12 ][ 7, 4, 0, 3, 0, 0, 6, 0, 3, 0, 0, 2, 2, 0, 7 ]
minimal polynomial:
[ x-12, x-2, x, x+2, x+12, x^2-24 ]1
[ x-12, x-4, x+2 ]
[ x-3, x+1 ]
[ x-4, x, x+4 ]
[ x-12, x-2, x+2, x+4 ]
[ x-12, x-2, x, x+2, x+12, x^2-24 ]

 SITA:

[ [ [ 1, 0, 0, 0, 0, 0, 0 ], [ 0, 1, 0, 0, 0, 0, 0 ], [ 0, 0, 1, 0, 0, 0, 0 ], [ 0, 0, 0, 1, 0, 0, 0 ],
      [ 0, 0, 0, 0, 1, 0, 0 ], [ 0, 0, 0, 0, 0, 1, 0 ], [ 0, 0, 0, 0, 0, 0, 1 ] ],
  [ [ 0, 12, 0, 0, 0, 0, 0 ], [ 1, 0, 7, 1, 0, 3, 0 ], [ 0, 7, 0, 0, 2, 0, 3 ], [ 0, 4, 0, 0, 0, 0, 8 ],
      [ 0, 0, 6, 0, 0, 6, 0 ], [ 0, 3, 0, 0, 2, 0, 7 ], [ 0, 0, 3, 2, 0, 7, 0 ] ],
  [ [ 0, 0, 12, 0, 0, 0, 0 ], [ 0, 7, 0, 0, 2, 0, 3 ], [ 1, 0, 6, 1, 0, 4, 0 ], [ 0, 0, 4, 0, 0, 8, 0 ],
      [ 0, 6, 0, 0, 0, 0, 6 ], [ 0, 0, 4, 2, 0, 6, 0 ], [ 0, 3, 0, 0, 2, 0, 7 ] ],
  [ [ 0, 0, 0, 3, 0, 0, 0 ], [ 0, 1, 0, 0, 0, 0, 2 ], [ 0, 0, 1, 0, 0, 2, 0 ], [ 1, 0, 0, 2, 0, 0, 0 ],
      [ 0, 0, 0, 0, 3, 0, 0 ], [ 0, 0, 2, 0, 0, 1, 0 ], [ 0, 2, 0, 0, 0, 0, 1 ] ],
  [ [ 0, 0, 0, 0, 4, 0, 0 ], [ 0, 0, 2, 0, 0, 2, 0 ], [ 0, 2, 0, 0, 0, 0, 2 ], [ 0, 0, 0, 0, 4, 0, 0 ],
      [ 1, 0, 0, 3, 0, 0, 0 ], [ 0, 2, 0, 0, 0, 0, 2 ], [ 0, 0, 2, 0, 0, 2, 0 ] ],
  [ [ 0, 0, 0, 0, 0, 12, 0 ], [ 0, 3, 0, 0, 2, 0, 7 ], [ 0, 0, 4, 2, 0, 6, 0 ], [ 0, 0, 8, 0, 0, 4, 0 ],
      [ 0, 6, 0, 0, 0, 0, 6 ], [ 1, 0, 6, 1, 0, 4, 0 ], [ 0, 7, 0, 0, 2, 0, 3 ] ],
  [ [ 0, 0, 0, 0, 0, 0, 12 ], [ 0, 0, 3, 2, 0, 7, 0 ], [ 0, 3, 0, 0, 2, 0, 7 ], [ 0, 8, 0, 0, 0, 0, 4 ],
      [ 0, 0, 6, 0, 0, 6, 0 ], [ 0, 7, 0, 0, 2, 0, 3 ], [ 1, 0, 7, 1, 0, 3, 0 ] ] ]