 degree:12
 order:220
[ 12, 24, 1, 14, 84, 84 ][ 5, 12, 0, 0, 0, 0, 0, 2, 0, 0, 0, 0, 0, 2, 10 ]
minimal polynomial:
[ x-12, x, x+12, x^4-68*x^2+56 ]3
[ x-24, x, x^2-4*x-40 ]
[ x-1, x+1 ]
[ x-14, x, x+14, x^4-40*x^2+224 ]
[ x-84, x, x+84, x^4-76*x^2+1400 ]
[ x-84, x, x^2+8*x-28 ]

 SITA:

[ [ [ 1, 0, 0, 0, 0, 0, 0 ], [ 0, 1, 0, 0, 0, 0, 0 ], [ 0, 0, 1, 0, 0, 0, 0 ], [ 0, 0, 0, 1, 0, 0, 0 ],[ 0, 0, 0, 0, 1, 0, 0 ], [ 0, 0, 0, 0, 0, 1, 0 ], [ 0, 0, 0, 0, 0, 0, 1 ] ],
  [ [ 0, 12, 0, 0, 0, 0, 0 ], [ 1, 0, 10, 1, 0, 0, 0 ], [ 0, 5, 0, 0, 0, 7, 0 ], [ 0, 12, 0, 0, 0, 0, 0 ],[ 0, 0, 0, 0, 0, 0, 12 ], [ 0, 0, 2, 0, 0, 0, 10 ], [ 0, 0, 0, 0, 2, 10, 0 ] ],
  [ [ 0, 0, 24, 0, 0, 0, 0 ], [ 0, 10, 0, 0, 0, 14, 0 ], [ 1, 0, 8, 1, 0, 0, 14 ], [ 0, 0, 24, 0, 0, 0, 0 ],[ 0, 0, 0, 0, 0, 24, 0 ], [ 0, 2, 0, 0, 4, 18, 0 ], [ 0, 0, 4, 0, 0, 0, 20 ] ],
  [ [ 0, 0, 0, 1, 0, 0, 0 ], [ 0, 1, 0, 0, 0, 0, 0 ], [ 0, 0, 1, 0, 0, 0, 0 ], [ 1, 0, 0, 0, 0, 0, 0 ],[ 0, 0, 0, 0, 1, 0, 0 ], [ 0, 0, 0, 0, 0, 1, 0 ], [ 0, 0, 0, 0, 0, 0, 1 ] ],
  [ [ 0, 0, 0, 0, 14, 0, 0 ], [ 0, 0, 0, 0, 0, 0, 14 ], [ 0, 0, 0, 0, 0, 14, 0 ], [ 0, 0, 0, 0, 14, 0, 0 ],[ 1, 0, 0, 1, 0, 0, 12 ], [ 0, 0, 4, 0, 0, 0, 10 ], [ 0, 2, 0, 0, 2, 10, 0 ] ],
  [ [ 0, 0, 0, 0, 0, 84, 0 ], [ 0, 0, 14, 0, 0, 0, 70 ], [ 0, 7, 0, 0, 14, 63, 0 ], [ 0, 0, 0, 0, 0, 84, 0 ],[ 0, 0, 24, 0, 0, 0, 60 ], [ 1, 0, 18, 1, 0, 0, 64 ], [ 0, 10, 0, 0, 10, 64, 0 ] ],
  [ [ 0, 0, 0, 0, 0, 0, 84 ], [ 0, 0, 0, 0, 14, 70, 0 ], [ 0, 0, 14, 0, 0, 0, 70 ], [ 0, 0, 0, 0, 0, 0, 84 ],[ 0, 12, 0, 0, 12, 60, 0 ], [ 0, 10, 0, 0, 10, 64, 0 ], [ 1, 0, 20, 1, 0, 0, 62 ] ] ]