 degree:12
 order:50
[ 12, 6, 3, 8, 8, 12 ][ 4, 12, 6, 0, 2, 0, 0, 6, 0, 0, 0, 0, 0, 4, 4 ] 
minimal polynomial:
[ x-12, x, x+8, x^2-4*x-16, x^2+6*x-36 ]1
[ x-6, x, x+4 ]
[ x-3, x+1 ]
[ x-8, x, x^2+4*x-16 ]
[ x-8, x, x^2+4*x-16 ]
[ x-12, x, x+8, x^2-4*x-16, x^2+6*x-36 ]

 SITA:

[ [ [ 1, 0, 0, 0, 0, 0, 0 ], [ 0, 1, 0, 0, 0, 0, 0 ], [ 0, 0, 1, 0, 0, 0, 0 ], [ 0, 0, 0, 1, 0, 0, 0 ],
      [ 0, 0, 0, 0, 1, 0, 0 ], [ 0, 0, 0, 0, 0, 1, 0 ], [ 0, 0, 0, 0, 0, 0, 1 ] ],
  [ [ 0, 12, 0, 0, 0, 0, 0 ], [ 1, 0, 2, 3, 4, 0, 2 ], [ 0, 4, 0, 0, 0, 8, 0 ], [ 0, 12, 0, 0, 0, 0, 0 ],
      [ 0, 6, 0, 0, 0, 0, 6 ], [ 0, 0, 6, 0, 0, 0, 6 ], [ 0, 2, 0, 0, 4, 4, 2 ] ],
  [ [ 0, 0, 6, 0, 0, 0, 0 ], [ 0, 2, 0, 0, 0, 4, 0 ], [ 1, 0, 2, 3, 0, 0, 0 ], [ 0, 0, 6, 0, 0, 0, 0 ],
      [ 0, 0, 0, 0, 0, 0, 6 ], [ 0, 6, 0, 0, 0, 0, 0 ], [ 0, 0, 0, 0, 4, 0, 2 ] ],
  [ [ 0, 0, 0, 3, 0, 0, 0 ], [ 0, 3, 0, 0, 0, 0, 0 ], [ 0, 0, 3, 0, 0, 0, 0 ], [ 1, 0, 0, 2, 0, 0, 0 ],
      [ 0, 0, 0, 0, 3, 0, 0 ], [ 0, 0, 0, 0, 0, 3, 0 ], [ 0, 0, 0, 0, 0, 0, 3 ] ],
  [ [ 0, 0, 0, 0, 8, 0, 0 ], [ 0, 4, 0, 0, 0, 0, 4 ], [ 0, 0, 0, 0, 0, 0, 8 ], [ 0, 0, 0, 0, 8, 0, 0 ],
      [ 1, 0, 0, 3, 0, 4, 0 ], [ 0, 0, 0, 0, 4, 4, 0 ], [ 0, 4, 4, 0, 0, 0, 0 ] ],
  [ [ 0, 0, 0, 0, 0, 8, 0 ], [ 0, 0, 4, 0, 0, 0, 4 ], [ 0, 8, 0, 0, 0, 0, 0 ], [ 0, 0, 0, 0, 0, 8, 0 ],
      [ 0, 0, 0, 0, 4, 4, 0 ], [ 1, 0, 0, 3, 4, 0, 0 ], [ 0, 4, 0, 0, 0, 0, 4 ] ],
  [ [ 0, 0, 0, 0, 0, 0, 12 ], [ 0, 2, 0, 0, 4, 4, 2 ], [ 0, 0, 0, 0, 8, 0, 4 ], [ 0, 0, 0, 0, 0, 0, 12 ],
      [ 0, 6, 6, 0, 0, 0, 0 ], [ 0, 6, 0, 0, 0, 0, 6 ], [ 1, 2, 2, 3, 0, 4, 0 ] ] ]