 degree:12
 order:56
[12, 3, 4, 12, 12, 12 ][ 4, 0, 0, 3, 7, 0, 2, 0, 0, 0, 2, 2, 7, 3, 0 ]
minimal polynomial:
[ x-12, x-2, x, x+2, x+12, x^2-24 ]1
[ x-3, x+1 ]
[ x-4, x, x+4 ]
[ x-12, x-2, x, x+2, x+12, x^2-24 ]
[ x-12, x-2, x+2, x+4 ]
[ x-12, x-4, x+2 ]

 SITA:

[ [ [ 1, 0, 0, 0, 0, 0, 0 ], [ 0, 1, 0, 0, 0, 0, 0 ], [ 0, 0, 1, 0, 0, 0, 0 ], [ 0, 0, 0, 1, 0, 0, 0 ],
      [ 0, 0, 0, 0, 1, 0, 0 ], [ 0, 0, 0, 0, 0, 1, 0 ], [ 0, 0, 0, 0, 0, 0, 1 ] ],
  [ [ 0, 12, 0, 0, 0, 0, 0 ], [ 1, 0, 1, 0, 0, 3, 7 ], [ 0, 4, 0, 0, 8, 0, 0 ], [ 0, 0, 0, 0, 0, 6, 6 ],
      [ 0, 0, 2, 0, 0, 7, 3 ], [ 0, 3, 0, 2, 7, 0, 0 ], [ 0, 7, 0, 2, 3, 0, 0 ] ],
  [ [ 0, 0, 3, 0, 0, 0, 0 ], [ 0, 1, 0, 0, 2, 0, 0 ], [ 1, 0, 2, 0, 0, 0, 0 ], [ 0, 0, 0, 3, 0, 0, 0 ],
      [ 0, 2, 0, 0, 1, 0, 0 ], [ 0, 0, 0, 0, 0, 1, 2 ], [ 0, 0, 0, 0, 0, 2, 1 ] ],
  [ [ 0, 0, 0, 4, 0, 0, 0 ], [ 0, 0, 0, 0, 0, 2, 2 ], [ 0, 0, 0, 4, 0, 0, 0 ], [ 1, 0, 3, 0, 0, 0, 0 ],
      [ 0, 0, 0, 0, 0, 2, 2 ], [ 0, 2, 0, 0, 2, 0, 0 ], [ 0, 2, 0, 0, 2, 0, 0 ] ],
  [ [ 0, 0, 0, 0, 12, 0, 0 ], [ 0, 0, 2, 0, 0, 7, 3 ], [ 0, 8, 0, 0, 4, 0, 0 ], [ 0, 0, 0, 0, 0, 6, 6 ],
      [ 1, 0, 1, 0, 0, 3, 7 ], [ 0, 7, 0, 2, 3, 0, 0 ], [ 0, 3, 0, 2, 7, 0, 0 ] ],
  [ [ 0, 0, 0, 0, 0, 12, 0 ], [ 0, 3, 0, 2, 7, 0, 0 ], [ 0, 0, 0, 0, 0, 4, 8 ], [ 0, 6, 0, 0, 6, 0, 0 ],
      [ 0, 7, 0, 2, 3, 0, 0 ], [ 1, 0, 1, 0, 0, 4, 6 ], [ 0, 0, 2, 0, 0, 6, 4 ] ],
  [ [ 0, 0, 0, 0, 0, 0, 12 ], [ 0, 7, 0, 2, 3, 0, 0 ], [ 0, 0, 0, 0, 0, 8, 4 ], [ 0, 6, 0, 0, 6, 0, 0 ],
      [ 0, 3, 0, 2, 7, 0, 0 ], [ 0, 0, 2, 0, 0, 6, 4 ], [ 1, 0, 1, 0, 0, 4, 6 ] ] ]