 degree:12
 order:96
[ 12, 9, 2, 12, 24, 36 ][ 4, 12, 0, 0, 2, 0, 6, 0, 0, 0, 0, 0, 0, 2, 8 ]
minimal polynomial:
[ x-12, x, x+12, x^2-48, x^2-24 ]1
[ x-9, x, x+3 ]
[ x-2, x+1 ]
[ x-12, x, x+12, x^2-48, x^2-24 ]
[ x-24, x, x+24, x^2-192 ]
[ x-36, x, x+12 ]

 SITA:

[ [ [ 1, 0, 0, 0, 0, 0, 0 ], [ 0, 1, 0, 0, 0, 0, 0 ], [ 0, 0, 1, 0, 0, 0, 0 ], [ 0, 0, 0, 1, 0, 0, 0 ],
      [ 0, 0, 0, 0, 1, 0, 0 ], [ 0, 0, 0, 0, 0, 1, 0 ], [ 0, 0, 0, 0, 0, 0, 1 ] ],
  [ [ 0, 12, 0, 0, 0, 0, 0 ], [ 1, 0, 3, 2, 0, 0, 6 ], [ 0, 4, 0, 0, 8, 0, 0 ], [ 0, 12, 0, 0, 0, 0, 0 ],
      [ 0, 0, 6, 0, 0, 0, 6 ], [ 0, 0, 0, 0, 0, 0, 12 ], [ 0, 2, 0, 0, 2, 8, 0 ] ],
  [ [ 0, 0, 9, 0, 0, 0, 0 ], [ 0, 3, 0, 0, 6, 0, 0 ], [ 1, 0, 6, 2, 0, 0, 0 ], [ 0, 0, 9, 0, 0, 0, 0 ],
      [ 0, 6, 0, 0, 3, 0, 0 ], [ 0, 0, 0, 0, 0, 9, 0 ], [ 0, 0, 0, 0, 0, 0, 9 ] ],
  [ [ 0, 0, 0, 2, 0, 0, 0 ], [ 0, 2, 0, 0, 0, 0, 0 ], [ 0, 0, 2, 0, 0, 0, 0 ], [ 1, 0, 0, 1, 0, 0, 0 ],
      [ 0, 0, 0, 0, 2, 0, 0 ], [ 0, 0, 0, 0, 0, 2, 0 ], [ 0, 0, 0, 0, 0, 0, 2 ] ],
  [ [ 0, 0, 0, 0, 12, 0, 0 ], [ 0, 0, 6, 0, 0, 0, 6 ], [ 0, 8, 0, 0, 4, 0, 0 ], [ 0, 0, 0, 0, 12, 0, 0 ],
      [ 1, 0, 3, 2, 0, 0, 6 ], [ 0, 0, 0, 0, 0, 0, 12 ], [ 0, 2, 0, 0, 2, 8, 0 ] ],
  [ [ 0, 0, 0, 0, 0, 24, 0 ], [ 0, 0, 0, 0, 0, 0, 24 ], [ 0, 0, 0, 0, 0, 24, 0 ], [ 0, 0, 0, 0, 0, 24, 0 ],
      [ 0, 0, 0, 0, 0, 0, 24 ], [ 1, 0, 9, 2, 0, 0, 12 ], [ 0, 8, 0, 0, 8, 8, 0 ] ],
  [ [ 0, 0, 0, 0, 0, 0, 36 ], [ 0, 6, 0, 0, 6, 24, 0 ], [ 0, 0, 0, 0, 0, 0, 36 ], [ 0, 0, 0, 0, 0, 0, 36 ],
      [ 0, 6, 0, 0, 6, 24, 0 ], [ 0, 12, 0, 0, 12, 12, 0 ], [ 1, 0, 9, 2, 0, 0, 24 ] ] ]