 degree:12
 order:112
[ 12, 12, 1, 2, 24, 60 ][ 8, 0, 6, 1, 0, 12, 6, 1, 0, 0, 0, 0, 0, 0, 4 ]
minimal polynomial:
[ x-12, x-10, x, x+2, x+4, x^2+8*x-12 ]1
[ x-12, x-10, x, x+2, x+4, x^2-8*x-12 ]
[ x-1, x+1 ]
[ x-2, x, x+2 ]
[ x-24, x, x+4 ]
[ x-60, x-4, x, x+20 ]

 SITA: 

[ [ [ 1, 0, 0, 0, 0, 0, 0 ], [ 0, 1, 0, 0, 0, 0, 0 ], [ 0, 0, 1, 0, 0, 0, 0 ], [ 0, 0, 0, 1, 0, 0, 0 ],
      [ 0, 0, 0, 0, 1, 0, 0 ], [ 0, 0, 0, 0, 0, 1, 0 ], [ 0, 0, 0, 0, 0, 0, 1 ] ],
  [ [ 0, 12, 0, 0, 0, 0, 0 ], [ 1, 0, 8, 0, 1, 2, 0 ], [ 0, 8, 0, 1, 1, 2, 0 ], [ 0, 0, 12, 0, 0, 0, 0 ],
      [ 0, 6, 6, 0, 0, 0, 0 ], [ 0, 1, 1, 0, 0, 0, 10 ], [ 0, 0, 0, 0, 0, 4, 8 ] ],
  [ [ 0, 0, 12, 0, 0, 0, 0 ], [ 0, 8, 0, 1, 1, 2, 0 ], [ 1, 0, 8, 0, 1, 2, 0 ], [ 0, 12, 0, 0, 0, 0, 0 ],
      [ 0, 6, 6, 0, 0, 0, 0 ], [ 0, 1, 1, 0, 0, 0, 10 ], [ 0, 0, 0, 0, 0, 4, 8 ] ],
  [ [ 0, 0, 0, 1, 0, 0, 0 ], [ 0, 0, 1, 0, 0, 0, 0 ], [ 0, 1, 0, 0, 0, 0, 0 ], [ 1, 0, 0, 0, 0, 0, 0 ],
      [ 0, 0, 0, 0, 1, 0, 0 ], [ 0, 0, 0, 0, 0, 1, 0 ], [ 0, 0, 0, 0, 0, 0, 1 ] ],
  [ [ 0, 0, 0, 0, 2, 0, 0 ], [ 0, 1, 1, 0, 0, 0, 0 ], [ 0, 1, 1, 0, 0, 0, 0 ], [ 0, 0, 0, 0, 2, 0, 0 ],
      [ 1, 0, 0, 1, 0, 0, 0 ], [ 0, 0, 0, 0, 0, 2, 0 ], [ 0, 0, 0, 0, 0, 0, 2 ] ],
  [ [ 0, 0, 0, 0, 0, 24, 0 ], [ 0, 2, 2, 0, 0, 0, 20 ], [ 0, 2, 2, 0, 0, 0, 20 ], [ 0, 0, 0, 0, 0, 24, 0 ],
      [ 0, 0, 0, 0, 0, 24, 0 ], [ 1, 0, 0, 1, 2, 20, 0 ], [ 0, 4, 4, 0, 0, 0, 16 ] ],
  [ [ 0, 0, 0, 0, 0, 0, 60 ], [ 0, 0, 0, 0, 0, 20, 40 ], [ 0, 0, 0, 0, 0, 20, 40 ], [ 0, 0, 0, 0, 0, 0, 60 ],
      [ 0, 0, 0, 0, 0, 0, 60 ], [ 0, 10, 10, 0, 0, 0, 40 ], [ 1, 8, 8, 1, 2, 16, 24 ] ] ]