 degree:12
 order:66
[ 12, 12, 5, 12, 12, 12 ][ 6, 12, 0, 0, 0, 0, 0, 6, 0, 0, 0, 0, 6, 6, 0 ]
minimal polynomial:
[ x-12, x, x^5+6*x^4-144*x^3-648*x^2+3888*x+7776 ]1
[ x-12, x, x^5+6*x^4-144*x^3-648*x^2+3888*x+7776 ]
[ x-5, x+1 ]
[ x-12, x, x^5+6*x^4-144*x^3-648*x^2+3888*x+7776 ]
[ x-12, x, x^5+6*x^4-144*x^3-648*x^2+3888*x+7776 ]
[ x-12, x, x^5+6*x^4-144*x^3-648*x^2+3888*x+7776 ]

 SITA:


[ [ [ 1, 0, 0, 0, 0, 0, 0 ], [ 0, 1, 0, 0, 0, 0, 0 ], [ 0, 0, 1, 0, 0, 0, 0 ], [ 0, 0, 0, 1, 0, 0, 0 ],
      [ 0, 0, 0, 0, 1, 0, 0 ], [ 0, 0, 0, 0, 0, 1, 0 ], [ 0, 0, 0, 0, 0, 0, 1 ] ],
  [ [ 0, 12, 0, 0, 0, 0, 0 ], [ 1, 0, 6, 5, 0, 0, 0 ], [ 0, 6, 0, 0, 0, 6, 0 ], [ 0, 12, 0, 0, 0, 0, 0 ],
      [ 0, 0, 0, 0, 0, 6, 6 ], [ 0, 0, 6, 0, 6, 0, 0 ], [ 0, 0, 0, 0, 6, 0, 6 ] ],
  [ [ 0, 0, 12, 0, 0, 0, 0 ], [ 0, 6, 0, 0, 0, 6, 0 ], [ 1, 0, 0, 5, 6, 0, 0 ], [ 0, 0, 12, 0, 0, 0, 0 ],
      [ 0, 0, 6, 0, 0, 0, 6 ], [ 0, 6, 0, 0, 0, 0, 6 ], [ 0, 0, 0, 0, 6, 6, 0 ] ],
  [ [ 0, 0, 0, 5, 0, 0, 0 ], [ 0, 5, 0, 0, 0, 0, 0 ], [ 0, 0, 5, 0, 0, 0, 0 ], [ 1, 0, 0, 4, 0, 0, 0 ],
      [ 0, 0, 0, 0, 5, 0, 0 ], [ 0, 0, 0, 0, 0, 5, 0 ], [ 0, 0, 0, 0, 0, 0, 5 ] ],
  [ [ 0, 0, 0, 0, 12, 0, 0 ], [ 0, 0, 0, 0, 0, 6, 6 ], [ 0, 0, 6, 0, 0, 0, 6 ], [ 0, 0, 0, 0, 12, 0, 0 ],
      [ 1, 0, 0, 5, 0, 6, 0 ], [ 0, 6, 0, 0, 6, 0, 0 ], [ 0, 6, 6, 0, 0, 0, 0 ] ],
  [ [ 0, 0, 0, 0, 0, 12, 0 ], [ 0, 0, 6, 0, 6, 0, 0 ], [ 0, 6, 0, 0, 0, 0, 6 ], [ 0, 0, 0, 0, 0, 12, 0 ],
      [ 0, 6, 0, 0, 6, 0, 0 ], [ 1, 0, 0, 5, 0, 0, 6 ], [ 0, 0, 6, 0, 0, 6, 0 ] ],
  [ [ 0, 0, 0, 0, 0, 0, 12 ], [ 0, 0, 0, 0, 6, 0, 6 ], [ 0, 0, 0, 0, 6, 6, 0 ], [ 0, 0, 0, 0, 0, 0, 12 ],
      [ 0, 6, 6, 0, 0, 0, 0 ], [ 0, 0, 6, 0, 0, 6, 0 ], [ 1, 6, 0, 5, 0, 0, 0 ] ] ]