 degree:12
 order:180
[ 12, 12, 1, 10, 24, 120 ][ 9, 0, 0, 1, 0, 12, 0, 1, 0, 0, 0, 0, 0, 1, 2 ]
minimal polynomial:
[ x-12, x, x+3, x^2-9*x-12, x^2+9*x-12 ]1
[ x-12, x, x+3, x^2-9*x-12 ]
[ x-1, x+1 ]
[ x-10, x, x+2 ]
[ x-24, x, x+12 ]
[ x-120, x, x+30, x^2+18*x-48 ]

 SITA: 

[ [ [ 1, 0, 0, 0, 0, 0, 0 ], [ 0, 1, 0, 0, 0, 0, 0 ], [ 0, 0, 1, 0, 0, 0, 0 ], [ 0, 0, 0, 1, 0, 0, 0 ],
      [ 0, 0, 0, 0, 1, 0, 0 ], [ 0, 0, 0, 0, 0, 1, 0 ], [ 0, 0, 0, 0, 0, 0, 1 ] ],
  [ [ 0, 12, 0, 0, 0, 0, 0 ], [ 1, 0, 9, 0, 0, 2, 0 ], [ 0, 9, 0, 1, 0, 2, 0 ], [ 0, 0, 12, 0, 0, 0, 0 ],
      [ 0, 0, 0, 0, 0, 0, 12 ], [ 0, 1, 1, 0, 0, 0, 10 ], [ 0, 0, 0, 0, 1, 2, 9 ] ],
  [ [ 0, 0, 12, 0, 0, 0, 0 ], [ 0, 9, 0, 1, 0, 2, 0 ], [ 1, 0, 9, 0, 0, 2, 0 ], [ 0, 12, 0, 0, 0, 0, 0 ],
      [ 0, 0, 0, 0, 0, 0, 12 ], [ 0, 1, 1, 0, 0, 0, 10 ], [ 0, 0, 0, 0, 1, 2, 9 ] ],
  [ [ 0, 0, 0, 1, 0, 0, 0 ], [ 0, 0, 1, 0, 0, 0, 0 ], [ 0, 1, 0, 0, 0, 0, 0 ], [ 1, 0, 0, 0, 0, 0, 0 ],
      [ 0, 0, 0, 0, 1, 0, 0 ], [ 0, 0, 0, 0, 0, 1, 0 ], [ 0, 0, 0, 0, 0, 0, 1 ] ],
  [ [ 0, 0, 0, 0, 10, 0, 0 ], [ 0, 0, 0, 0, 0, 0, 10 ], [ 0, 0, 0, 0, 0, 0, 10 ], [ 0, 0, 0, 0, 10, 0, 0 ],
      [ 1, 0, 0, 1, 8, 0, 0 ], [ 0, 0, 0, 0, 0, 10, 0 ], [ 0, 1, 1, 0, 0, 0, 8 ] ],
  [ [ 0, 0, 0, 0, 0, 24, 0 ], [ 0, 2, 2, 0, 0, 0, 20 ], [ 0, 2, 2, 0, 0, 0, 20 ], [ 0, 0, 0, 0, 0, 24, 0 ],
      [ 0, 0, 0, 0, 0, 24, 0 ], [ 1, 0, 0, 1, 10, 12, 0 ], [ 0, 2, 2, 0, 0, 0, 20 ] ],
  [ [ 0, 0, 0, 0, 0, 0, 120 ], [ 0, 0, 0, 0, 10, 20, 90 ], [ 0, 0, 0, 0, 10, 20, 90 ], [ 0, 0, 0, 0, 0, 0, 120 ],
      [ 0, 12, 12, 0, 0, 0, 96 ], [ 0, 10, 10, 0, 0, 0, 100 ], [ 1, 9, 9, 1, 8, 20, 72 ] ] ]
