 degree:12
 order:72
[ 12, 12, 2, 3, 18, 24 ][ 4, 12, 0, 2, 1, 0, 12, 2, 1, 0, 0, 0, 0, 0, 6 ]

minimal polynomial:
[ x-12, x-6, x, x+4, x+6, x^2+4*x-36 ]1
[ x-12, x-6, x, x+4, x+6, x^2-4*x-36 ]
[ x-2, x+1 ]
[ x-3, x, x+3 ]
[ x-18, x, x+6 ]
[ x-24, x-8, x, x+12 ]

 SITA: 


[ [ [ 1, 0, 0, 0, 0, 0, 0 ], [ 0, 1, 0, 0, 0, 0, 0 ], [ 0, 0, 1, 0, 0, 0, 0 ], [ 0, 0, 0, 1, 0, 0, 0 ],
      [ 0, 0, 0, 0, 1, 0, 0 ], [ 0, 0, 0, 0, 0, 1, 0 ], [ 0, 0, 0, 0, 0, 0, 1 ] ],
  [ [ 0, 12, 0, 0, 0, 0, 0 ], [ 1, 0, 4, 2, 0, 3, 2 ], [ 0, 4, 0, 0, 3, 3, 2 ], [ 0, 12, 0, 0, 0, 0, 0 ],
      [ 0, 0, 12, 0, 0, 0, 0 ], [ 0, 2, 2, 0, 0, 0, 8 ], [ 0, 1, 1, 0, 0, 6, 4 ] ],
  [ [ 0, 0, 12, 0, 0, 0, 0 ], [ 0, 4, 0, 0, 3, 3, 2 ], [ 1, 0, 4, 2, 0, 3, 2 ], [ 0, 0, 12, 0, 0, 0, 0 ],
      [ 0, 12, 0, 0, 0, 0, 0 ], [ 0, 2, 2, 0, 0, 0, 8 ], [ 0, 1, 1, 0, 0, 6, 4 ] ],
  [ [ 0, 0, 0, 2, 0, 0, 0 ], [ 0, 2, 0, 0, 0, 0, 0 ], [ 0, 0, 2, 0, 0, 0, 0 ], [ 1, 0, 0, 1, 0, 0, 0 ],
      [ 0, 0, 0, 0, 2, 0, 0 ], [ 0, 0, 0, 0, 0, 2, 0 ], [ 0, 0, 0, 0, 0, 0, 2 ] ],
  [ [ 0, 0, 0, 0, 3, 0, 0 ], [ 0, 0, 3, 0, 0, 0, 0 ], [ 0, 3, 0, 0, 0, 0, 0 ], [ 0, 0, 0, 0, 3, 0, 0 ],
      [ 1, 0, 0, 2, 0, 0, 0 ], [ 0, 0, 0, 0, 0, 3, 0 ], [ 0, 0, 0, 0, 0, 0, 3 ] ],
  [ [ 0, 0, 0, 0, 0, 18, 0 ], [ 0, 3, 3, 0, 0, 0, 12 ], [ 0, 3, 3, 0, 0, 0, 12 ], [ 0, 0, 0, 0, 0, 18, 0 ],
      [ 0, 0, 0, 0, 0, 18, 0 ], [ 1, 0, 0, 2, 3, 12, 0 ], [ 0, 6, 6, 0, 0, 0, 6 ] ],
  [ [ 0, 0, 0, 0, 0, 0, 24 ], [ 0, 2, 2, 0, 0, 12, 8 ], [ 0, 2, 2, 0, 0, 12, 8 ], [ 0, 0, 0, 0, 0, 0, 24 ],
      [ 0, 0, 0, 0, 0, 0, 24 ], [ 0, 8, 8, 0, 0, 0, 8 ], [ 1, 4, 4, 2, 3, 6, 4 ] ] ]