 degree:12
 order:108
[ 12, 12, 3, 12, 20, 48 ][ 2, 4, 4, 0, 1, 8, 4, 0, 1, 0, 0, 0, 0, 1, 5 ]
minimal polynomial:
[ x-12, x-2, x, x+4, x+6, x^2-48 ]1
[ x-12, x-4, x, x+2, x+6, x^2-48 ]
[ x-3, x+1 ]
[ x-12, x-6, x, x+6 ]
[ x-20, x-2, x, x+10 ]
[ x-48, x, x+24, x^2-192 ]

 SITA:

[ [ [ 1, 0, 0, 0, 0, 0, 0 ], [ 0, 1, 0, 0, 0, 0, 0 ], [ 0, 0, 1, 0, 0, 0, 0 ], [ 0, 0, 0, 1, 0, 0, 0 ],
      [ 0, 0, 0, 0, 1, 0, 0 ], [ 0, 0, 0, 0, 0, 1, 0 ], [ 0, 0, 0, 0, 0, 0, 1 ] ],
  [ [ 0, 12, 0, 0, 0, 0, 0 ], [ 1, 0, 2, 1, 4, 0, 4 ], [ 0, 2, 0, 2, 4, 0, 4 ], [ 0, 4, 8, 0, 0, 0, 0 ],
      [ 0, 4, 4, 0, 0, 0, 4 ], [ 0, 0, 0, 0, 0, 0, 12 ], [ 0, 1, 1, 0, 1, 5, 4 ] ],
  [ [ 0, 0, 12, 0, 0, 0, 0 ], [ 0, 2, 0, 2, 4, 0, 4 ], [ 1, 0, 2, 1, 4, 0, 4 ], [ 0, 8, 4, 0, 0, 0, 0 ],
      [ 0, 4, 4, 0, 0, 0, 4 ], [ 0, 0, 0, 0, 0, 0, 12 ], [ 0, 1, 1, 0, 1, 5, 4 ] ],
  [ [ 0, 0, 0, 3, 0, 0, 0 ], [ 0, 1, 2, 0, 0, 0, 0 ], [ 0, 2, 1, 0, 0, 0, 0 ], [ 1, 0, 0, 2, 0, 0, 0 ],
      [ 0, 0, 0, 0, 3, 0, 0 ], [ 0, 0, 0, 0, 0, 3, 0 ], [ 0, 0, 0, 0, 0, 0, 3 ] ],
  [ [ 0, 0, 0, 0, 12, 0, 0 ], [ 0, 4, 4, 0, 0, 0, 4 ], [ 0, 4, 4, 0, 0, 0, 4 ], [ 0, 0, 0, 0, 12, 0, 0 ],
      [ 1, 0, 0, 3, 3, 5, 0 ], [ 0, 0, 0, 0, 3, 9, 0 ], [ 0, 1, 1, 0, 0, 0, 10 ] ],
  [ [ 0, 0, 0, 0, 0, 20, 0 ], [ 0, 0, 0, 0, 0, 0, 20 ], [ 0, 0, 0, 0, 0, 0, 20 ], [ 0, 0, 0, 0, 0, 20, 0 ],
      [ 0, 0, 0, 0, 5, 15, 0 ], [ 1, 0, 0, 3, 9, 7, 0 ], [ 0, 5, 5, 0, 0, 0, 10 ] ],
  [ [ 0, 0, 0, 0, 0, 0, 48 ], [ 0, 4, 4, 0, 4, 20, 16 ], [ 0, 4, 4, 0, 4, 20, 16 ], [ 0, 0, 0, 0, 0, 0, 48 ],
      [ 0, 4, 4, 0, 0, 0, 40 ], [ 0, 12, 12, 0, 0, 0, 24 ], [ 1, 4, 4, 3, 10, 10, 16 ] ] ]
