 degree:12
 order:198
[ 12, 9, 2, 12, 72, 90 ][ 4, 12, 0, 1, 0, 0, 6, 0, 0, 0, 0, 0, 1, 0, 8 ]
minimal polynomial:
[ x-12, x-8, x, x+6, x+10, x^2-24 ]1
[ x-9, x, x+3 ]
[ x-2, x+1 ]
[ x-12, x-8, x, x+6, x+10, x^2-24 ]
[ x-72, x-28, x, x+8, x+36 ]
[ x-90, x-36, x, x+20 ]

 SITA:


[ [ [ 1, 0, 0, 0, 0, 0, 0 ], [ 0, 1, 0, 0, 0, 0, 0 ], [ 0, 0, 1, 0, 0, 0, 0 ], [ 0, 0, 0, 1, 0, 0, 0 ],
      [ 0, 0, 0, 0, 1, 0, 0 ], [ 0, 0, 0, 0, 0, 1, 0 ], [ 0, 0, 0, 0, 0, 0, 1 ] ],
  [ [ 0, 12, 0, 0, 0, 0, 0 ], [ 1, 0, 3, 2, 0, 6, 0 ], [ 0, 4, 0, 0, 8, 0, 0 ], [ 0, 12, 0, 0, 0, 0, 0 ],
      [ 0, 0, 6, 0, 0, 6, 0 ], [ 0, 1, 0, 0, 1, 0, 10 ], [ 0, 0, 0, 0, 0, 8, 4 ] ],
  [ [ 0, 0, 9, 0, 0, 0, 0 ], [ 0, 3, 0, 0, 6, 0, 0 ], [ 1, 0, 6, 2, 0, 0, 0 ], [ 0, 0, 9, 0, 0, 0, 0 ],
      [ 0, 6, 0, 0, 3, 0, 0 ], [ 0, 0, 0, 0, 0, 9, 0 ], [ 0, 0, 0, 0, 0, 0, 9 ] ],
  [ [ 0, 0, 0, 2, 0, 0, 0 ], [ 0, 2, 0, 0, 0, 0, 0 ], [ 0, 0, 2, 0, 0, 0, 0 ], [ 1, 0, 0, 1, 0, 0, 0 ],
      [ 0, 0, 0, 0, 2, 0, 0 ], [ 0, 0, 0, 0, 0, 2, 0 ], [ 0, 0, 0, 0, 0, 0, 2 ] ],
  [ [ 0, 0, 0, 0, 12, 0, 0 ], [ 0, 0, 6, 0, 0, 6, 0 ], [ 0, 8, 0, 0, 4, 0, 0 ], [ 0, 0, 0, 0, 12, 0, 0 ],
      [ 1, 0, 3, 2, 0, 6, 0 ], [ 0, 1, 0, 0, 1, 0, 10 ], [ 0, 0, 0, 0, 0, 8, 4 ] ],
  [ [ 0, 0, 0, 0, 0, 72, 0 ], [ 0, 6, 0, 0, 6, 0, 60 ], [ 0, 0, 0, 0, 0, 72, 0 ], [ 0, 0, 0, 0, 0, 72, 0 ],
      [ 0, 6, 0, 0, 6, 0, 60 ], [ 1, 0, 9, 2, 0, 20, 40 ], [ 0, 8, 0, 0, 8, 32, 24 ] ],
  [ [ 0, 0, 0, 0, 0, 0, 90 ], [ 0, 0, 0, 0, 0, 60, 30 ], [ 0, 0, 0, 0, 0, 0, 90 ], [ 0, 0, 0, 0, 0, 0, 90 ],
      [ 0, 0, 0, 0, 0, 60, 30 ], [ 0, 10, 0, 0, 10, 40, 30 ], [ 1, 4, 9, 2, 4, 24, 46 ] ] ]