 degree:12
 order:72
[ 12, 12, 1, 4, 18, 24 ][ 4, 12, 3, 2, 1, 0, 9, 2, 1, 0, 0, 0, 0, 0, 6 ]

minimal polynomial:
[ x-12, x-6, x, x+4, x+6, x^2+4*x-18 ]1
[ x-12, x-6, x, x+4, x+6, x^2-4*x-18 ]
[ x-1, x+1 ]
[ x-4, x, x+2 ]
[ x-18, x, x+6 ]
[ x-24, x-8, x, x+12 ]

 SITA: 

[ [ [ 1, 0, 0, 0, 0, 0, 0 ], [ 0, 1, 0, 0, 0, 0, 0 ], [ 0, 0, 1, 0, 0, 0, 0 ], [ 0, 0, 0, 1, 0, 0, 0 ],
      [ 0, 0, 0, 0, 1, 0, 0 ], [ 0, 0, 0, 0, 0, 1, 0 ], [ 0, 0, 0, 0, 0, 0, 1 ] ],
  [ [ 0, 12, 0, 0, 0, 0, 0 ], [ 1, 0, 4, 1, 1, 3, 2 ], [ 0, 4, 0, 0, 3, 3, 2 ], [ 0, 12, 0, 0, 0, 0, 0 ],
      [ 0, 3, 9, 0, 0, 0, 0 ], [ 0, 2, 2, 0, 0, 0, 8 ], [ 0, 1, 1, 0, 0, 6, 4 ] ],
  [ [ 0, 0, 12, 0, 0, 0, 0 ], [ 0, 4, 0, 0, 3, 3, 2 ], [ 1, 0, 4, 1, 1, 3, 2 ], [ 0, 0, 12, 0, 0, 0, 0 ],
      [ 0, 9, 3, 0, 0, 0, 0 ], [ 0, 2, 2, 0, 0, 0, 8 ], [ 0, 1, 1, 0, 0, 6, 4 ] ],
  [ [ 0, 0, 0, 1, 0, 0, 0 ], [ 0, 1, 0, 0, 0, 0, 0 ], [ 0, 0, 1, 0, 0, 0, 0 ], [ 1, 0, 0, 0, 0, 0, 0 ],
      [ 0, 0, 0, 0, 1, 0, 0 ], [ 0, 0, 0, 0, 0, 1, 0 ], [ 0, 0, 0, 0, 0, 0, 1 ] ],
  [ [ 0, 0, 0, 0, 4, 0, 0 ], [ 0, 1, 3, 0, 0, 0, 0 ], [ 0, 3, 1, 0, 0, 0, 0 ], [ 0, 0, 0, 0, 4, 0, 0 ],
      [ 1, 0, 0, 1, 2, 0, 0 ], [ 0, 0, 0, 0, 0, 4, 0 ], [ 0, 0, 0, 0, 0, 0, 4 ] ],
  [ [ 0, 0, 0, 0, 0, 18, 0 ], [ 0, 3, 3, 0, 0, 0, 12 ], [ 0, 3, 3, 0, 0, 0, 12 ], [ 0, 0, 0, 0, 0, 18, 0 ],
      [ 0, 0, 0, 0, 0, 18, 0 ], [ 1, 0, 0, 1, 4, 12, 0 ], [ 0, 6, 6, 0, 0, 0, 6 ] ],
  [ [ 0, 0, 0, 0, 0, 0, 24 ], [ 0, 2, 2, 0, 0, 12, 8 ], [ 0, 2, 2, 0, 0, 12, 8 ], [ 0, 0, 0, 0, 0, 0, 24 ],
      [ 0, 0, 0, 0, 0, 0, 24 ], [ 0, 8, 8, 0, 0, 0, 8 ], [ 1, 4, 4, 1, 4, 6, 4 ] ] ]