 degree:12
 order:128
[ 12, 12, 3, 16, 36, 48 ][ 3, 0, 0, 0, 2, 0, 0, 3, 0, 0, 1, 0, 0, 4, 6 ] 
minimal polynomial:
[ x-12, x-4, x, x+4, x+12, x^2-12 ]1
[ x-12, x, x+4 ]
[ x-3, x+1 ]
[ x-16, x, x+16 ]
[ x-36, x-12, x, x+12, x+36, x^2-12 ]
[ x-48, x, x+16 ]

 SITA: 

[ [ [ 1, 0, 0, 0, 0, 0, 0 ], [ 0, 1, 0, 0, 0, 0, 0 ], [ 0, 0, 1, 0, 0, 0, 0 ], [ 0, 0, 0, 1, 0, 0, 0 ],
      [ 0, 0, 0, 0, 1, 0, 0 ], [ 0, 0, 0, 0, 0, 1, 0 ], [ 0, 0, 0, 0, 0, 0, 1 ] ],
  [ [ 0, 12, 0, 0, 0, 0, 0 ], [ 1, 0, 3, 0, 0, 0, 8 ], [ 0, 3, 0, 0, 0, 9, 0 ], [ 0, 0, 0, 0, 0, 12, 0 ],
      [ 0, 0, 0, 0, 0, 0, 12 ], [ 0, 0, 3, 1, 0, 0, 8 ], [ 0, 2, 0, 0, 4, 6, 0 ] ],
  [ [ 0, 0, 12, 0, 0, 0, 0 ], [ 0, 3, 0, 0, 0, 9, 0 ], [ 1, 0, 8, 3, 0, 0, 0 ], [ 0, 0, 12, 0, 0, 0, 0 ],
      [ 0, 0, 0, 0, 12, 0, 0 ], [ 0, 3, 0, 0, 0, 9, 0 ], [ 0, 0, 0, 0, 0, 0, 12 ] ],
  [ [ 0, 0, 0, 3, 0, 0, 0 ], [ 0, 0, 0, 0, 0, 3, 0 ], [ 0, 0, 3, 0, 0, 0, 0 ], [ 1, 0, 0, 2, 0, 0, 0 ],
      [ 0, 0, 0, 0, 3, 0, 0 ], [ 0, 1, 0, 0, 0, 2, 0 ], [ 0, 0, 0, 0, 0, 0, 3 ] ],
  [ [ 0, 0, 0, 0, 16, 0, 0 ], [ 0, 0, 0, 0, 0, 0, 16 ], [ 0, 0, 0, 0, 16, 0, 0 ], [ 0, 0, 0, 0, 16, 0, 0 ],
      [ 1, 0, 12, 3, 0, 0, 0 ], [ 0, 0, 0, 0, 0, 0, 16 ], [ 0, 4, 0, 0, 0, 12, 0 ] ],
  [ [ 0, 0, 0, 0, 0, 36, 0 ], [ 0, 0, 9, 3, 0, 0, 24 ], [ 0, 9, 0, 0, 0, 27, 0 ], [ 0, 12, 0, 0, 0, 24, 0 ],
      [ 0, 0, 0, 0, 0, 0, 36 ], [ 1, 0, 9, 2, 0, 0, 24 ], [ 0, 6, 0, 0, 12, 18, 0 ] ],
  [ [ 0, 0, 0, 0, 0, 0, 48 ], [ 0, 8, 0, 0, 16, 24, 0 ], [ 0, 0, 0, 0, 0, 0, 48 ], [ 0, 0, 0, 0, 0, 0, 48 ],
      [ 0, 12, 0, 0, 0, 36, 0 ], [ 0, 8, 0, 0, 16, 24, 0 ], [ 1, 0, 12, 3, 0, 0, 32 ] ] ]