 degree:12
 order:156
[ 12, 12, 5, 6, 60, 60 ][ 1, 0, 0, 0, 2, 0, 2, 2, 0, 0, 1, 0, 0, 1, 9 ]
minimal polynomial:
[ x-12, x-1, x, x+1, x+12, x^2-13 ]1
[ x-12, x+1 ]
[ x-5, x+1 ]
[ x-6, x, x+6 ]
[ x-60, x-5, x, x+5, x+60, x^2-13 ]
[ x-60, x-1, x+5, x+12 ]

 SITA:

[ [ [ 1, 0, 0, 0, 0, 0, 0 ], [ 0, 1, 0, 0, 0, 0, 0 ], [ 0, 0, 1, 0, 0, 0, 0 ], [ 0, 0, 0, 1, 0, 0, 0 ],
      [ 0, 0, 0, 0, 1, 0, 0 ], [ 0, 0, 0, 0, 0, 1, 0 ], [ 0, 0, 0, 0, 0, 0, 1 ] ],
  [ [ 0, 12, 0, 0, 0, 0, 0 ], [ 1, 0, 1, 0, 0, 0, 10 ], [ 0, 1, 0, 0, 1, 10, 0 ], [ 0, 0, 0, 0, 0, 12, 0 ],
      [ 0, 0, 2, 0, 0, 0, 10 ], [ 0, 0, 2, 1, 0, 0, 9 ], [ 0, 2, 0, 0, 1, 9, 0 ] ],
  [ [ 0, 0, 12, 0, 0, 0, 0 ], [ 0, 1, 0, 0, 1, 10, 0 ], [ 1, 0, 11, 0, 0, 0, 0 ], [ 0, 0, 0, 0, 0, 0, 12 ],
      [ 0, 2, 0, 0, 0, 10, 0 ], [ 0, 2, 0, 0, 1, 9, 0 ], [ 0, 0, 0, 1, 0, 0, 11 ] ],
  [ [ 0, 0, 0, 5, 0, 0, 0 ], [ 0, 0, 0, 0, 0, 5, 0 ], [ 0, 0, 0, 0, 0, 0, 5 ], [ 1, 0, 0, 4, 0, 0, 0 ],
      [ 0, 0, 0, 0, 5, 0, 0 ], [ 0, 1, 0, 0, 0, 4, 0 ], [ 0, 0, 1, 0, 0, 0, 4 ] ],
  [ [ 0, 0, 0, 0, 6, 0, 0 ], [ 0, 0, 1, 0, 0, 0, 5 ], [ 0, 1, 0, 0, 0, 5, 0 ], [ 0, 0, 0, 0, 6, 0, 0 ],
      [ 1, 0, 0, 5, 0, 0, 0 ], [ 0, 0, 1, 0, 0, 0, 5 ], [ 0, 1, 0, 0, 0, 5, 0 ] ],
  [ [ 0, 0, 0, 0, 0, 60, 0 ], [ 0, 0, 10, 5, 0, 0, 45 ], [ 0, 10, 0, 0, 5, 45, 0 ], [ 0, 12, 0, 0, 0, 48, 0 ],
      [ 0, 0, 10, 0, 0, 0, 50 ], [ 1, 0, 9, 4, 0, 0, 46 ], [ 0, 9, 0, 0, 5, 46, 0 ] ],
  [ [ 0, 0, 0, 0, 0, 0, 60 ], [ 0, 10, 0, 0, 5, 45, 0 ], [ 0, 0, 0, 5, 0, 0, 55 ], [ 0, 0, 12, 0, 0, 0, 48 ],
      [ 0, 10, 0, 0, 0, 50, 0 ], [ 0, 9, 0, 0, 5, 46, 0 ], [ 1, 0, 11, 4, 0, 0, 44 ] ] ]