 degree:12
 order:112
[ 12, 3, 12, 12, 12, 60 ][ 4, 0, 2, 8, 0, 0, 0, 2, 0, 0, 2, 2, 0, 2, 0 ]
minimal polynomial:
[ x-12, x-10, x, x+2, x+4, x^2+8*x-12 ]1
[ x-3, x+1 ]
[ x-12, x-4, x+2 ]
[ x-12, x-2, x+2, x+4 ]
[ x-12, x-10, x, x+2, x+4, x^2-8*x-12 ]
[ x-60, x-4, x, x+20 ]

 SITA: 


[ [ [ 1, 0, 0, 0, 0, 0, 0 ], [ 0, 1, 0, 0, 0, 0, 0 ], [ 0, 0, 1, 0, 0, 0, 0 ], [ 0, 0, 0, 1, 0, 0, 0 ],
      [ 0, 0, 0, 0, 1, 0, 0 ], [ 0, 0, 0, 0, 0, 1, 0 ], [ 0, 0, 0, 0, 0, 0, 1 ] ],
  [ [ 0, 12, 0, 0, 0, 0, 0 ], [ 1, 0, 1, 0, 2, 8, 0 ], [ 0, 4, 0, 0, 0, 8, 0 ], [ 0, 0, 0, 0, 0, 2, 10 ],
      [ 0, 2, 0, 0, 0, 0, 10 ], [ 0, 8, 2, 2, 0, 0, 0 ], [ 0, 0, 0, 2, 2, 0, 8 ] ],
  [ [ 0, 0, 3, 0, 0, 0, 0 ], [ 0, 1, 0, 0, 0, 2, 0 ], [ 1, 0, 2, 0, 0, 0, 0 ], [ 0, 0, 0, 1, 2, 0, 0 ],
      [ 0, 0, 0, 2, 1, 0, 0 ], [ 0, 2, 0, 0, 0, 1, 0 ], [ 0, 0, 0, 0, 0, 0, 3 ] ],
  [ [ 0, 0, 0, 12, 0, 0, 0 ], [ 0, 0, 0, 0, 0, 2, 10 ], [ 0, 0, 0, 4, 8, 0, 0 ], [ 1, 0, 1, 6, 4, 0, 0 ],
      [ 0, 0, 2, 4, 6, 0, 0 ], [ 0, 2, 0, 0, 0, 0, 10 ], [ 0, 2, 0, 0, 0, 2, 8 ] ],
  [ [ 0, 0, 0, 0, 12, 0, 0 ], [ 0, 2, 0, 0, 0, 0, 10 ], [ 0, 0, 0, 8, 4, 0, 0 ], [ 0, 0, 2, 4, 6, 0, 0 ],
      [ 1, 0, 1, 6, 4, 0, 0 ], [ 0, 0, 0, 0, 0, 2, 10 ], [ 0, 2, 0, 0, 0, 2, 8 ] ],
  [ [ 0, 0, 0, 0, 0, 12, 0 ], [ 0, 8, 2, 2, 0, 0, 0 ], [ 0, 8, 0, 0, 0, 4, 0 ], [ 0, 2, 0, 0, 0, 0, 10 ],
      [ 0, 0, 0, 0, 0, 2, 10 ], [ 1, 0, 1, 0, 2, 8, 0 ], [ 0, 0, 0, 2, 2, 0, 8 ] ],
  [ [ 0, 0, 0, 0, 0, 0, 60 ], [ 0, 0, 0, 10, 10, 0, 40 ], [ 0, 0, 0, 0, 0, 0, 60 ], [ 0, 10, 0, 0, 0, 10, 40 ],
      [ 0, 10, 0, 0, 0, 10, 40 ], [ 0, 0, 0, 10, 10, 0, 40 ], [ 1, 8, 3, 8, 8, 8, 24 ] ] ]