 degree:12
 order:126
[ 12, 24, 2, 24, 27, 36 ][ 3, 12, 0, 0, 1, 0, 9, 0, 0, 0, 0, 0, 0, 2, 9 ]
minimal polynomial:
[ x-12, x-9, x, x+9, x+12, x^2-27 ]1
[ x-24, x, x+3 ]
[ x-2, x+1 ]
[ x-24, x-18, x, x+18, x+24, x^2-27 ]
[ x-27, x, x+27 ]
[ x-36, x, x+27 ]
 SITA: 

[ [ [ 1, 0, 0, 0, 0, 0, 0 ], [ 0, 1, 0, 0, 0, 0, 0 ], [ 0, 0, 1, 0, 0, 0, 0 ], [ 0, 0, 0, 1, 0, 0, 0 ],[ 0, 0, 0, 0, 1, 0, 0 ], [ 0, 0, 0, 0, 0, 1, 0 ], [ 0, 0, 0, 0, 0, 0, 1 ] ],
  [ [ 0, 12, 0, 0, 0, 0, 0 ], [ 1, 0, 6, 2, 0, 0, 3 ], [ 0, 3, 0, 0, 9, 0, 0 ], [ 0, 12, 0, 0, 0, 0, 0 ],[ 0, 0, 9, 0, 0, 0, 3 ], [ 0, 0, 0, 0, 0, 0, 12 ], [ 0, 1, 0, 0, 2, 9, 0 ] ],
  [ [ 0, 0, 24, 0, 0, 0, 0 ], [ 0, 6, 0, 0, 18, 0, 0 ], [ 1, 0, 21, 2, 0, 0, 0 ], [ 0, 0, 24, 0, 0, 0, 0 ],[ 0, 9, 0, 0, 15, 0, 0 ], [ 0, 0, 0, 0, 0, 24, 0 ], [ 0, 0, 0, 0, 0, 0, 24 ] ],
  [ [ 0, 0, 0, 2, 0, 0, 0 ], [ 0, 2, 0, 0, 0, 0, 0 ], [ 0, 0, 2, 0, 0, 0, 0 ], [ 1, 0, 0, 1, 0, 0, 0 ],[ 0, 0, 0, 0, 2, 0, 0 ], [ 0, 0, 0, 0, 0, 2, 0 ], [ 0, 0, 0, 0, 0, 0, 2 ] ],
  [ [ 0, 0, 0, 0, 24, 0, 0 ], [ 0, 0, 18, 0, 0, 0, 6 ], [ 0, 9, 0, 0, 15, 0, 0 ], [ 0, 0, 0, 0, 24, 0, 0 ],[ 1, 0, 15, 2, 0, 0, 6 ], [ 0, 0, 0, 0, 0, 0, 24 ], [ 0, 2, 0, 0, 4, 18, 0 ] ],
  [ [ 0, 0, 0, 0, 0, 27, 0 ], [ 0, 0, 0, 0, 0, 0, 27 ], [ 0, 0, 0, 0, 0, 27, 0 ], [ 0, 0, 0, 0, 0, 27, 0 ],[ 0, 0, 0, 0, 0, 0, 27 ], [ 1, 0, 24, 2, 0, 0, 0 ], [ 0, 9, 0, 0, 18, 0, 0 ] ],
  [ [ 0, 0, 0, 0, 0, 0, 36 ], [ 0, 3, 0, 0, 6, 27, 0 ], [ 0, 0, 0, 0, 0, 0, 36 ], [ 0, 0, 0, 0, 0, 0, 36 ],[ 0, 3, 0, 0, 6, 27, 0 ], [ 0, 12, 0, 0, 24, 0, 0 ], [ 1, 0, 24, 2, 0, 0, 9 ] ] ]