 degree:12
 order:42
 [12, 12, 1, 4, 6, 6 ][ 5, 0, 3, 4, 6, 12, 3, 6, 4, 0, 0, 0, 2, 2, 0 ]
minimal polynomial:
[ x-12, x-2, x-1, x, x+2, x+6, x+7 ]
[ x-12, x-7, x-1, x, x+2, x+6 ]
[ x-1, x+1 ]
[ x-4, x, x+2 ]
[ x-6, x+1 ]
[ x-6, x-1, x+1, x+6 ]


 SITA:

[ [ [ 1, 0, 0, 0, 0, 0, 0 ], [ 0, 1, 0, 0, 0, 0, 0 ], [ 0, 0, 1, 0, 0, 0, 0 ], [ 0, 0, 0, 1, 0, 0, 0 ],
      [ 0, 0, 0, 0, 1, 0, 0 ], [ 0, 0, 0, 0, 0, 1, 0 ], [ 0, 0, 0, 0, 0, 0, 1 ] ],
  [ [ 0, 12, 0, 0, 0, 0, 0 ], [ 1, 0, 5, 0, 1, 2, 3 ], [ 0, 5, 0, 1, 1, 3, 2 ], [ 0, 0, 12, 0, 0, 0, 0 ],
      [ 0, 3, 3, 0, 0, 3, 3 ], [ 0, 4, 6, 0, 2, 0, 0 ], [ 0, 6, 4, 0, 2, 0, 0 ] ],
  [ [ 0, 0, 12, 0, 0, 0, 0 ], [ 0, 5, 0, 1, 1, 3, 2 ], [ 1, 0, 5, 0, 1, 2, 3 ], [ 0, 12, 0, 0, 0, 0, 0 ],
      [ 0, 3, 3, 0, 0, 3, 3 ], [ 0, 6, 4, 0, 2, 0, 0 ], [ 0, 4, 6, 0, 2, 0, 0 ] ],
  [ [ 0, 0, 0, 1, 0, 0, 0 ], [ 0, 0, 1, 0, 0, 0, 0 ], [ 0, 1, 0, 0, 0, 0, 0 ], [ 1, 0, 0, 0, 0, 0, 0 ],
      [ 0, 0, 0, 0, 1, 0, 0 ], [ 0, 0, 0, 0, 0, 0, 1 ], [ 0, 0, 0, 0, 0, 1, 0 ] ],
  [ [ 0, 0, 0, 0, 4, 0, 0 ], [ 0, 1, 1, 0, 0, 1, 1 ], [ 0, 1, 1, 0, 0, 1, 1 ], [ 0, 0, 0, 0, 4, 0, 0 ],
      [ 1, 0, 0, 1, 2, 0, 0 ], [ 0, 2, 2, 0, 0, 0, 0 ], [ 0, 2, 2, 0, 0, 0, 0 ] ],
  [ [ 0, 0, 0, 0, 0, 6, 0 ], [ 0, 2, 3, 0, 1, 0, 0 ], [ 0, 3, 2, 0, 1, 0, 0 ], [ 0, 0, 0, 0, 0, 0, 6 ],
      [ 0, 3, 3, 0, 0, 0, 0 ], [ 1, 0, 0, 0, 0, 5, 0 ], [ 0, 0, 0, 1, 0, 0, 5 ] ],
  [ [ 0, 0, 0, 0, 0, 0, 6 ], [ 0, 3, 2, 0, 1, 0, 0 ], [ 0, 2, 3, 0, 1, 0, 0 ], [ 0, 0, 0, 0, 0, 6, 0 ],
      [ 0, 3, 3, 0, 0, 0, 0 ], [ 0, 0, 0, 1, 0, 0, 5 ], [ 1, 0, 0, 0, 0, 5, 0 ] ] ]
