 degree:12
 order:120
[ 12, 12, 1, 4, 42, 48 ][ 4, 0, 0, 2, 0, 12, 0, 2, 0, 0, 0, 0, 0, 1, 7 ]
minimal polynomial:
[ x-12, x-6, x-2, x, x+2, x+6, x+8 ]
[ x-12, x-6, x, x+2, x+8 ]
[ x-1, x+1 ]
[ x-4, x, x+2 ]
[ x-42, x, x+6 ]
[ x-48, x-4, x, x+12, x+32 ]

 SITA: 

[ [ [ 1, 0, 0, 0, 0, 0, 0 ], [ 0, 1, 0, 0, 0, 0, 0 ], [ 0, 0, 1, 0, 0, 0, 0 ], [ 0, 0, 0, 1, 0, 0, 0 ],
      [ 0, 0, 0, 0, 1, 0, 0 ], [ 0, 0, 0, 0, 0, 1, 0 ], [ 0, 0, 0, 0, 0, 0, 1 ] ],
  [ [ 0, 12, 0, 0, 0, 0, 0 ], [ 1, 0, 4, 0, 0, 7, 0 ], [ 0, 4, 0, 1, 0, 7, 0 ], [ 0, 0, 12, 0, 0, 0, 0 ],
      [ 0, 0, 0, 0, 0, 0, 12 ], [ 0, 2, 2, 0, 0, 0, 8 ], [ 0, 0, 0, 0, 1, 7, 4 ] ],
  [ [ 0, 0, 12, 0, 0, 0, 0 ], [ 0, 4, 0, 1, 0, 7, 0 ], [ 1, 0, 4, 0, 0, 7, 0 ], [ 0, 12, 0, 0, 0, 0, 0 ],
      [ 0, 0, 0, 0, 0, 0, 12 ], [ 0, 2, 2, 0, 0, 0, 8 ], [ 0, 0, 0, 0, 1, 7, 4 ] ],
  [ [ 0, 0, 0, 1, 0, 0, 0 ], [ 0, 0, 1, 0, 0, 0, 0 ], [ 0, 1, 0, 0, 0, 0, 0 ], [ 1, 0, 0, 0, 0, 0, 0 ],
      [ 0, 0, 0, 0, 1, 0, 0 ], [ 0, 0, 0, 0, 0, 1, 0 ], [ 0, 0, 0, 0, 0, 0, 1 ] ],
  [ [ 0, 0, 0, 0, 4, 0, 0 ], [ 0, 0, 0, 0, 0, 0, 4 ], [ 0, 0, 0, 0, 0, 0, 4 ], [ 0, 0, 0, 0, 4, 0, 0 ],
      [ 1, 0, 0, 1, 2, 0, 0 ], [ 0, 0, 0, 0, 0, 4, 0 ], [ 0, 1, 1, 0, 0, 0, 2 ] ],
  [ [ 0, 0, 0, 0, 0, 42, 0 ], [ 0, 7, 7, 0, 0, 0, 28 ], [ 0, 7, 7, 0, 0, 0, 28 ], [ 0, 0, 0, 0, 0, 42, 0 ],
      [ 0, 0, 0, 0, 0, 42, 0 ], [ 1, 0, 0, 1, 4, 36, 0 ], [ 0, 7, 7, 0, 0, 0, 28 ] ],
  [ [ 0, 0, 0, 0, 0, 0, 48 ], [ 0, 0, 0, 0, 4, 28, 16 ], [ 0, 0, 0, 0, 4, 28, 16 ], [ 0, 0, 0, 0, 0, 0, 48 ],
      [ 0, 12, 12, 0, 0, 0, 24 ], [ 0, 8, 8, 0, 0, 0, 32 ], [ 1, 4, 4, 1, 2, 28, 8 ] ] ]