 degree:12
 order:48
[ 12, 12, 1, 2, 10, 10 ][ 5, 12, 0, 0, 6, 0, 12, 6, 0, 0, 0, 0, 0, 0, 6 ]
minimal polynomial:
[ x-12, x-4, x-3, x, x+3, x+4, x+12 ]
[ x-12, x-3, x, x+4 ]
[ x-1, x+1 ]
[ x-2, x, x+2 ]
[ x-10, x-5, x-2, x, x+2, x+5, x+10 ]
[ x-10, x-2, x, x+5 ]

 SITA:

[ [ [ 1, 0, 0, 0, 0, 0, 0 ], [ 0, 1, 0, 0, 0, 0, 0 ], [ 0, 0, 1, 0, 0, 0, 0 ], [ 0, 0, 0, 1, 0, 0, 0 ],
      [ 0, 0, 0, 0, 1, 0, 0 ], [ 0, 0, 0, 0, 0, 1, 0 ], [ 0, 0, 0, 0, 0, 0, 1 ] ],
  [ [ 0, 12, 0, 0, 0, 0, 0 ], [ 1, 0, 5, 1, 0, 0, 5 ], [ 0, 5, 0, 0, 2, 5, 0 ], [ 0, 12, 0, 0, 0, 0, 0 ],
      [ 0, 0, 12, 0, 0, 0, 0 ], [ 0, 0, 6, 0, 0, 0, 6 ], [ 0, 6, 0, 0, 0, 6, 0 ] ],
  [ [ 0, 0, 12, 0, 0, 0, 0 ], [ 0, 5, 0, 0, 2, 5, 0 ], [ 1, 0, 5, 1, 0, 0, 5 ], [ 0, 0, 12, 0, 0, 0, 0 ],
      [ 0, 12, 0, 0, 0, 0, 0 ], [ 0, 6, 0, 0, 0, 6, 0 ], [ 0, 0, 6, 0, 0, 0, 6 ] ],
  [ [ 0, 0, 0, 1, 0, 0, 0 ], [ 0, 1, 0, 0, 0, 0, 0 ], [ 0, 0, 1, 0, 0, 0, 0 ], [ 1, 0, 0, 0, 0, 0, 0 ],
      [ 0, 0, 0, 0, 1, 0, 0 ], [ 0, 0, 0, 0, 0, 1, 0 ], [ 0, 0, 0, 0, 0, 0, 1 ] ],
  [ [ 0, 0, 0, 0, 2, 0, 0 ], [ 0, 0, 2, 0, 0, 0, 0 ], [ 0, 2, 0, 0, 0, 0, 0 ], [ 0, 0, 0, 0, 2, 0, 0 ],
      [ 1, 0, 0, 1, 0, 0, 0 ], [ 0, 0, 0, 0, 0, 0, 2 ], [ 0, 0, 0, 0, 0, 2, 0 ] ],
  [ [ 0, 0, 0, 0, 0, 10, 0 ], [ 0, 0, 5, 0, 0, 0, 5 ], [ 0, 5, 0, 0, 0, 5, 0 ], [ 0, 0, 0, 0, 0, 10, 0 ],
      [ 0, 0, 0, 0, 0, 0, 10 ], [ 1, 0, 6, 1, 0, 0, 2 ], [ 0, 6, 0, 0, 2, 2, 0 ] ],
  [ [ 0, 0, 0, 0, 0, 0, 10 ], [ 0, 5, 0, 0, 0, 5, 0 ], [ 0, 0, 5, 0, 0, 0, 5 ], [ 0, 0, 0, 0, 0, 0, 10 ],
      [ 0, 0, 0, 0, 0, 10, 0 ], [ 0, 6, 0, 0, 2, 2, 0 ], [ 1, 0, 6, 1, 0, 0, 2 ] ] ]

