 degree:12
 order:80
[ 12, 12, 3, 12, 16, 24 ][ 4, 4, 2, 3, 0, 8, 2, 3, 0, 0, 0, 0, 0, 4, 4 ]
minimal polynomial:
[ x-12, x, x+8, x^2-4*x-16, x^2+4*x-8 ]1
[ x-12, x, x+8, x^2-4*x-16, x^2-4*x-8 ]
[ x-3, x+1 ]
[ x-12, x, x+4 ]
[ x-16, x, x+16 ]
[ x-24, x, x+16, x^2+8*x-64 ]

 SITA: 

[ [ [ 1, 0, 0, 0, 0, 0, 0 ], [ 0, 1, 0, 0, 0, 0, 0 ], [ 0, 0, 1, 0, 0, 0, 0 ], [ 0, 0, 0, 1, 0, 0, 0 ],
      [ 0, 0, 0, 0, 1, 0, 0 ], [ 0, 0, 0, 0, 0, 1, 0 ], [ 0, 0, 0, 0, 0, 0, 1 ] ],
  [ [ 0, 12, 0, 0, 0, 0, 0 ], [ 1, 0, 4, 1, 2, 4, 0 ], [ 0, 4, 0, 2, 2, 4, 0 ], [ 0, 4, 8, 0, 0, 0, 0 ],
      [ 0, 2, 2, 0, 0, 0, 8 ], [ 0, 3, 3, 0, 0, 0, 6 ], [ 0, 0, 0, 0, 4, 4, 4 ] ],
  [ [ 0, 0, 12, 0, 0, 0, 0 ], [ 0, 4, 0, 2, 2, 4, 0 ], [ 1, 0, 4, 1, 2, 4, 0 ], [ 0, 8, 4, 0, 0, 0, 0 ],
      [ 0, 2, 2, 0, 0, 0, 8 ], [ 0, 3, 3, 0, 0, 0, 6 ], [ 0, 0, 0, 0, 4, 4, 4 ] ],
  [ [ 0, 0, 0, 3, 0, 0, 0 ], [ 0, 1, 2, 0, 0, 0, 0 ], [ 0, 2, 1, 0, 0, 0, 0 ], [ 1, 0, 0, 2, 0, 0, 0 ],
      [ 0, 0, 0, 0, 3, 0, 0 ], [ 0, 0, 0, 0, 0, 3, 0 ], [ 0, 0, 0, 0, 0, 0, 3 ] ],
  [ [ 0, 0, 0, 0, 12, 0, 0 ], [ 0, 2, 2, 0, 0, 0, 8 ], [ 0, 2, 2, 0, 0, 0, 8 ], [ 0, 0, 0, 0, 12, 0, 0 ],
      [ 1, 0, 0, 3, 8, 0, 0 ], [ 0, 0, 0, 0, 0, 12, 0 ], [ 0, 4, 4, 0, 0, 0, 4 ] ],
  [ [ 0, 0, 0, 0, 0, 16, 0 ], [ 0, 4, 4, 0, 0, 0, 8 ], [ 0, 4, 4, 0, 0, 0, 8 ], [ 0, 0, 0, 0, 0, 16, 0 ],
      [ 0, 0, 0, 0, 0, 16, 0 ], [ 1, 0, 0, 3, 12, 0, 0 ], [ 0, 4, 4, 0, 0, 0, 8 ] ],
  [ [ 0, 0, 0, 0, 0, 0, 24 ], [ 0, 0, 0, 0, 8, 8, 8 ], [ 0, 0, 0, 0, 8, 8, 8 ], [ 0, 0, 0, 0, 0, 0, 24 ],
      [ 0, 8, 8, 0, 0, 0, 8 ], [ 0, 6, 6, 0, 0, 0, 12 ], [ 1, 4, 4, 3, 4, 8, 0 ] ] ]