 degree:12
 order:96
[ 12, 12, 1, 4, 18, 48 ][ 4, 0, 0, 2, 1, 12, 0, 2, 1, 0, 0, 0, 0, 1, 3 ]
minimal polynomial:
[ x-12, x-2, x, x+4, x+6, x^2-2*x-12 ]1
[ x-12, x-6, x, x+2, x+4, x^2-2*x-12 ]
[ x-1, x+1 ]
[ x-4, x, x+2 ]
[ x-18, x, x+6 ]
[ x-48, x, x+16, x^2+4*x-48 ]

 SITA:


[ [ [ 1, 0, 0, 0, 0, 0, 0 ], [ 0, 1, 0, 0, 0, 0, 0 ], [ 0, 0, 1, 0, 0, 0, 0 ], [ 0, 0, 0, 1, 0, 0, 0 ],
      [ 0, 0, 0, 0, 1, 0, 0 ], [ 0, 0, 0, 0, 0, 1, 0 ], [ 0, 0, 0, 0, 0, 0, 1 ] ],
  [ [ 0, 12, 0, 0, 0, 0, 0 ], [ 1, 0, 4, 0, 0, 3, 4 ], [ 0, 4, 0, 1, 0, 3, 4 ], [ 0, 0, 12, 0, 0, 0, 0 ],
      [ 0, 0, 0, 0, 0, 0, 12 ], [ 0, 2, 2, 0, 0, 0, 8 ], [ 0, 1, 1, 0, 1, 3, 6 ] ],
  [ [ 0, 0, 12, 0, 0, 0, 0 ], [ 0, 4, 0, 1, 0, 3, 4 ], [ 1, 0, 4, 0, 0, 3, 4 ], [ 0, 12, 0, 0, 0, 0, 0 ],
      [ 0, 0, 0, 0, 0, 0, 12 ], [ 0, 2, 2, 0, 0, 0, 8 ], [ 0, 1, 1, 0, 1, 3, 6 ] ],
  [ [ 0, 0, 0, 1, 0, 0, 0 ], [ 0, 0, 1, 0, 0, 0, 0 ], [ 0, 1, 0, 0, 0, 0, 0 ], [ 1, 0, 0, 0, 0, 0, 0 ],
      [ 0, 0, 0, 0, 1, 0, 0 ], [ 0, 0, 0, 0, 0, 1, 0 ], [ 0, 0, 0, 0, 0, 0, 1 ] ],
  [ [ 0, 0, 0, 0, 4, 0, 0 ], [ 0, 0, 0, 0, 0, 0, 4 ], [ 0, 0, 0, 0, 0, 0, 4 ], [ 0, 0, 0, 0, 4, 0, 0 ],
      [ 1, 0, 0, 1, 2, 0, 0 ], [ 0, 0, 0, 0, 0, 4, 0 ], [ 0, 1, 1, 0, 0, 0, 2 ] ],
  [ [ 0, 0, 0, 0, 0, 18, 0 ], [ 0, 3, 3, 0, 0, 0, 12 ], [ 0, 3, 3, 0, 0, 0, 12 ], [ 0, 0, 0, 0, 0, 18, 0 ],
      [ 0, 0, 0, 0, 0, 18, 0 ], [ 1, 0, 0, 1, 4, 12, 0 ], [ 0, 3, 3, 0, 0, 0, 12 ] ],
  [ [ 0, 0, 0, 0, 0, 0, 48 ], [ 0, 4, 4, 0, 4, 12, 24 ], [ 0, 4, 4, 0, 4, 12, 24 ], [ 0, 0, 0, 0, 0, 0, 48 ],
      [ 0, 12, 12, 0, 0, 0, 24 ], [ 0, 8, 8, 0, 0, 0, 32 ], [ 1, 6, 6, 1, 2, 12, 20 ] ] ]