 degree:12
 order:240
[ 12, 12, 1, 10, 84, 120 ][ 4, 0, 0, 1, 0, 12, 0, 1, 0, 0, 0, 0, 0, 1, 7 ]
minimal polynomial:
[ x-12, x-6, x-2, x, x+2, x+6, x+8 ]
[ x-12, x-6, x, x+2, x+8 ]
[ x-1, x+1 ]
[ x-10, x, x+2 ]
[ x-84, x, x+12 ]
[ x-120, x-4, x, x+12, x+80 ]

 SITA:


[ [ [ 1, 0, 0, 0, 0, 0, 0 ], [ 0, 1, 0, 0, 0, 0, 0 ], [ 0, 0, 1, 0, 0, 0, 0 ], [ 0, 0, 0, 1, 0, 0, 0 ],
      [ 0, 0, 0, 0, 1, 0, 0 ], [ 0, 0, 0, 0, 0, 1, 0 ], [ 0, 0, 0, 0, 0, 0, 1 ] ],
  [ [ 0, 12, 0, 0, 0, 0, 0 ], [ 1, 0, 4, 0, 0, 7, 0 ], [ 0, 4, 0, 1, 0, 7, 0 ], [ 0, 0, 12, 0, 0, 0, 0 ],
      [ 0, 0, 0, 0, 0, 0, 12 ], [ 0, 1, 1, 0, 0, 0, 10 ], [ 0, 0, 0, 0, 1, 7, 4 ] ],
  [ [ 0, 0, 12, 0, 0, 0, 0 ], [ 0, 4, 0, 1, 0, 7, 0 ], [ 1, 0, 4, 0, 0, 7, 0 ], [ 0, 12, 0, 0, 0, 0, 0 ],
      [ 0, 0, 0, 0, 0, 0, 12 ], [ 0, 1, 1, 0, 0, 0, 10 ], [ 0, 0, 0, 0, 1, 7, 4 ] ],
  [ [ 0, 0, 0, 1, 0, 0, 0 ], [ 0, 0, 1, 0, 0, 0, 0 ], [ 0, 1, 0, 0, 0, 0, 0 ], [ 1, 0, 0, 0, 0, 0, 0 ],
      [ 0, 0, 0, 0, 1, 0, 0 ], [ 0, 0, 0, 0, 0, 1, 0 ], [ 0, 0, 0, 0, 0, 0, 1 ] ],
  [ [ 0, 0, 0, 0, 10, 0, 0 ], [ 0, 0, 0, 0, 0, 0, 10 ], [ 0, 0, 0, 0, 0, 0, 10 ], [ 0, 0, 0, 0, 10, 0, 0 ],
      [ 1, 0, 0, 1, 8, 0, 0 ], [ 0, 0, 0, 0, 0, 10, 0 ], [ 0, 1, 1, 0, 0, 0, 8 ] ],
  [ [ 0, 0, 0, 0, 0, 84, 0 ], [ 0, 7, 7, 0, 0, 0, 70 ], [ 0, 7, 7, 0, 0, 0, 70 ], [ 0, 0, 0, 0, 0, 84, 0 ],
      [ 0, 0, 0, 0, 0, 84, 0 ], [ 1, 0, 0, 1, 10, 72, 0 ], [ 0, 7, 7, 0, 0, 0, 70 ] ],
  [ [ 0, 0, 0, 0, 0, 0, 120 ], [ 0, 0, 0, 0, 10, 70, 40 ], [ 0, 0, 0, 0, 10, 70, 40 ], [ 0, 0, 0, 0, 0, 0, 120 ],
      [ 0, 12, 12, 0, 0, 0, 96 ], [ 0, 10, 10, 0, 0, 0, 100 ], [ 1, 4, 4, 1, 8, 70, 32 ] ] ]