 degree:12
 order:63
[ 12, 6, 2, 6, 18, 18 ][ 6, 12, 0, 4, 0, 0, 6, 0, 0, 0, 0, 0, 2, 0, 6 ]
minimal polynomial:
[ x-12, x, x^2-18, x^3+6*x^2-72*x-216 ]1
[ x-6, x, x+3 ]
[ x-2, x+1 ]
[ x-6, x, x^2-18, x^3+3*x^2-18*x-27 ]
[ x-18, x, x^3+9*x^2-162*x-729 ]
[ x-18, x, x^3+9*x^2-162*x-729 ]

 SITA:


[ [ [ 1, 0, 0, 0, 0, 0, 0 ], [ 0, 1, 0, 0, 0, 0, 0 ], [ 0, 0, 1, 0, 0, 0, 0 ], [ 0, 0, 0, 1, 0, 0, 0 ],
      [ 0, 0, 0, 0, 1, 0, 0 ], [ 0, 0, 0, 0, 0, 1, 0 ], [ 0, 0, 0, 0, 0, 0, 1 ] ],
  [ [ 0, 12, 0, 0, 0, 0, 0 ], [ 1, 0, 3, 2, 0, 6, 0 ], [ 0, 6, 0, 0, 6, 0, 0 ], [ 0, 12, 0, 0, 0, 0, 0 ],
      [ 0, 0, 6, 0, 0, 6, 0 ], [ 0, 4, 0, 0, 2, 0, 6 ], [ 0, 0, 0, 0, 0, 6, 6 ] ],
  [ [ 0, 0, 6, 0, 0, 0, 0 ], [ 0, 3, 0, 0, 3, 0, 0 ], [ 1, 0, 3, 2, 0, 0, 0 ], [ 0, 0, 6, 0, 0, 0, 0 ],
      [ 0, 6, 0, 0, 0, 0, 0 ], [ 0, 0, 0, 0, 0, 6, 0 ], [ 0, 0, 0, 0, 0, 0, 6 ] ],
  [ [ 0, 0, 0, 2, 0, 0, 0 ], [ 0, 2, 0, 0, 0, 0, 0 ], [ 0, 0, 2, 0, 0, 0, 0 ], [ 1, 0, 0, 1, 0, 0, 0 ],
      [ 0, 0, 0, 0, 2, 0, 0 ], [ 0, 0, 0, 0, 0, 2, 0 ], [ 0, 0, 0, 0, 0, 0, 2 ] ],
  [ [ 0, 0, 0, 0, 6, 0, 0 ], [ 0, 0, 3, 0, 0, 3, 0 ], [ 0, 6, 0, 0, 0, 0, 0 ], [ 0, 0, 0, 0, 6, 0, 0 ],
      [ 1, 0, 0, 2, 0, 3, 0 ], [ 0, 2, 0, 0, 1, 0, 3 ], [ 0, 0, 0, 0, 0, 3, 3 ] ],
  [ [ 0, 0, 0, 0, 0, 18, 0 ], [ 0, 6, 0, 0, 3, 0, 9 ], [ 0, 0, 0, 0, 0, 18, 0 ], [ 0, 0, 0, 0, 0, 18, 0 ],
      [ 0, 6, 0, 0, 3, 0, 9 ], [ 1, 0, 6, 2, 0, 0, 9 ], [ 0, 6, 0, 0, 3, 9, 0 ] ],
  [ [ 0, 0, 0, 0, 0, 0, 18 ], [ 0, 0, 0, 0, 0, 9, 9 ], [ 0, 0, 0, 0, 0, 0, 18 ], [ 0, 0, 0, 0, 0, 0, 18 ],
      [ 0, 0, 0, 0, 0, 9, 9 ], [ 0, 6, 0, 0, 3, 9, 0 ], [ 1, 6, 6, 2, 3, 0, 0 ] ] ]