 degree:12
 order:96
[ 12, 12, 1, 6, 16, 48 ][ 4, 12, 4, 0, 1, 0, 8, 0, 1, 0, 0, 0, 0, 0, 4 ]
minimal polynomial:
[ x-12, x-8, x, x+4, x+6, x^2+4*x-16 ]1
[ x-12, x-8, x, x+4, x+6, x^2-4*x-16 ]
[ x-1, x+1 ]
[ x-6, x, x+2 ]
[ x-16, x, x+8 ]
[ x-48, x-12, x, x+16 ]

 SITA:


[ [ [ 1, 0, 0, 0, 0, 0, 0 ], [ 0, 1, 0, 0, 0, 0, 0 ], [ 0, 0, 1, 0, 0, 0, 0 ], [ 0, 0, 0, 1, 0, 0, 0 ],
      [ 0, 0, 0, 0, 1, 0, 0 ], [ 0, 0, 0, 0, 0, 1, 0 ], [ 0, 0, 0, 0, 0, 0, 1 ] ],
  [ [ 0, 12, 0, 0, 0, 0, 0 ], [ 1, 0, 4, 1, 2, 0, 4 ], [ 0, 4, 0, 0, 4, 0, 4 ], [ 0, 12, 0, 0, 0, 0, 0 ],
      [ 0, 4, 8, 0, 0, 0, 0 ], [ 0, 0, 0, 0, 0, 0, 12 ], [ 0, 1, 1, 0, 0, 4, 6 ] ],
  [ [ 0, 0, 12, 0, 0, 0, 0 ], [ 0, 4, 0, 0, 4, 0, 4 ], [ 1, 0, 4, 1, 2, 0, 4 ], [ 0, 0, 12, 0, 0, 0, 0 ],
      [ 0, 8, 4, 0, 0, 0, 0 ], [ 0, 0, 0, 0, 0, 0, 12 ], [ 0, 1, 1, 0, 0, 4, 6 ] ],
  [ [ 0, 0, 0, 1, 0, 0, 0 ], [ 0, 1, 0, 0, 0, 0, 0 ], [ 0, 0, 1, 0, 0, 0, 0 ], [ 1, 0, 0, 0, 0, 0, 0 ],
      [ 0, 0, 0, 0, 1, 0, 0 ], [ 0, 0, 0, 0, 0, 1, 0 ], [ 0, 0, 0, 0, 0, 0, 1 ] ],
  [ [ 0, 0, 0, 0, 6, 0, 0 ], [ 0, 2, 4, 0, 0, 0, 0 ], [ 0, 4, 2, 0, 0, 0, 0 ], [ 0, 0, 0, 0, 6, 0, 0 ],
      [ 1, 0, 0, 1, 4, 0, 0 ], [ 0, 0, 0, 0, 0, 6, 0 ], [ 0, 0, 0, 0, 0, 0, 6 ] ],
  [ [ 0, 0, 0, 0, 0, 16, 0 ], [ 0, 0, 0, 0, 0, 0, 16 ], [ 0, 0, 0, 0, 0, 0, 16 ], [ 0, 0, 0, 0, 0, 16, 0 ],
      [ 0, 0, 0, 0, 0, 16, 0 ], [ 1, 0, 0, 1, 6, 8, 0 ], [ 0, 4, 4, 0, 0, 0, 8 ] ],
  [ [ 0, 0, 0, 0, 0, 0, 48 ], [ 0, 4, 4, 0, 0, 16, 24 ], [ 0, 4, 4, 0, 0, 16, 24 ], [ 0, 0, 0, 0, 0, 0, 48 ],
      [ 0, 0, 0, 0, 0, 0, 48 ], [ 0, 12, 12, 0, 0, 0, 24 ], [ 1, 6, 6, 1, 6, 8, 20 ] ] ]