 degree:12
 order:84
[ 12, 12, 1, 2, 8, 48 ][ 2, 0, 6, 0, 2, 12, 6, 0, 2, 0, 0, 0, 0, 0, 2 ]
minimal polynomial:
[ x-12, x-4, x, x+2, x+6, x^2+2*x-12 ]1
[ x-12, x-4, x, x+2, x+6, x^2-2*x-12 ]
[ x-1, x+1 ]
[ x-2, x, x+2 ]
[ x-8, x, x+4 ]
[ x-48, x-12, x, x+8 ]

 SITA:

[ [ [ 1, 0, 0, 0, 0, 0, 0 ], [ 0, 1, 0, 0, 0, 0, 0 ], [ 0, 0, 1, 0, 0, 0, 0 ], [ 0, 0, 0, 1, 0, 0, 0 ],
      [ 0, 0, 0, 0, 1, 0, 0 ], [ 0, 0, 0, 0, 0, 1, 0 ], [ 0, 0, 0, 0, 0, 0, 1 ] ],
  [ [ 0, 12, 0, 0, 0, 0, 0 ], [ 1, 0, 2, 0, 1, 0, 8 ], [ 0, 2, 0, 1, 1, 0, 8 ], [ 0, 0, 12, 0, 0, 0, 0 ],
      [ 0, 6, 6, 0, 0, 0, 0 ], [ 0, 0, 0, 0, 0, 0, 12 ], [ 0, 2, 2, 0, 0, 2, 6 ] ],
  [ [ 0, 0, 12, 0, 0, 0, 0 ], [ 0, 2, 0, 1, 1, 0, 8 ], [ 1, 0, 2, 0, 1, 0, 8 ], [ 0, 12, 0, 0, 0, 0, 0 ],
      [ 0, 6, 6, 0, 0, 0, 0 ], [ 0, 0, 0, 0, 0, 0, 12 ], [ 0, 2, 2, 0, 0, 2, 6 ] ],
  [ [ 0, 0, 0, 1, 0, 0, 0 ], [ 0, 0, 1, 0, 0, 0, 0 ], [ 0, 1, 0, 0, 0, 0, 0 ], [ 1, 0, 0, 0, 0, 0, 0 ],
      [ 0, 0, 0, 0, 1, 0, 0 ], [ 0, 0, 0, 0, 0, 1, 0 ], [ 0, 0, 0, 0, 0, 0, 1 ] ],
  [ [ 0, 0, 0, 0, 2, 0, 0 ], [ 0, 1, 1, 0, 0, 0, 0 ], [ 0, 1, 1, 0, 0, 0, 0 ], [ 0, 0, 0, 0, 2, 0, 0 ],
      [ 1, 0, 0, 1, 0, 0, 0 ], [ 0, 0, 0, 0, 0, 2, 0 ], [ 0, 0, 0, 0, 0, 0, 2 ] ],
  [ [ 0, 0, 0, 0, 0, 8, 0 ], [ 0, 0, 0, 0, 0, 0, 8 ], [ 0, 0, 0, 0, 0, 0, 8 ], [ 0, 0, 0, 0, 0, 8, 0 ],
      [ 0, 0, 0, 0, 0, 8, 0 ], [ 1, 0, 0, 1, 2, 4, 0 ], [ 0, 2, 2, 0, 0, 0, 4 ] ],
  [ [ 0, 0, 0, 0, 0, 0, 48 ], [ 0, 8, 8, 0, 0, 8, 24 ], [ 0, 8, 8, 0, 0, 8, 24 ], [ 0, 0, 0, 0, 0, 0, 48 ],
      [ 0, 0, 0, 0, 0, 0, 48 ], [ 0, 12, 12, 0, 0, 0, 24 ], [ 1, 6, 6, 1, 2, 4, 28 ] ] ]
