 degree:12
 order:60
[ 12, 12, 1, 2, 16, 16 ][ 2, 12, 0, 6, 0, 0, 12, 0, 6, 0, 0, 0, 0, 0, 6 ]
minimal polynomial:
[ x-12, x-6, x-2, x, x+2, x+6, x+12 ]
[ x-12, x-2, x, x+6 ]
[ x-1, x+1 ]
[ x-2, x, x+2 ]
[ x-16, x-4, x, x+4 ]
[ x-16, x-4, x, x+4, x+16 ]

 SITA:

[ [ [ 1, 0, 0, 0, 0, 0, 0 ], [ 0, 1, 0, 0, 0, 0, 0 ], [ 0, 0, 1, 0, 0, 0, 0 ], [ 0, 0, 0, 1, 0, 0, 0 ],
      [ 0, 0, 0, 0, 1, 0, 0 ], [ 0, 0, 0, 0, 0, 1, 0 ], [ 0, 0, 0, 0, 0, 0, 1 ] ],
  [ [ 0, 12, 0, 0, 0, 0, 0 ], [ 1, 0, 2, 1, 0, 8, 0 ], [ 0, 2, 0, 0, 2, 0, 8 ], [ 0, 12, 0, 0, 0, 0, 0 ],
      [ 0, 0, 12, 0, 0, 0, 0 ], [ 0, 6, 0, 0, 0, 0, 6 ], [ 0, 0, 6, 0, 0, 6, 0 ] ],
  [ [ 0, 0, 12, 0, 0, 0, 0 ], [ 0, 2, 0, 0, 2, 0, 8 ], [ 1, 0, 2, 1, 0, 8, 0 ], [ 0, 0, 12, 0, 0, 0, 0 ],
      [ 0, 12, 0, 0, 0, 0, 0 ], [ 0, 0, 6, 0, 0, 6, 0 ], [ 0, 6, 0, 0, 0, 0, 6 ] ],
  [ [ 0, 0, 0, 1, 0, 0, 0 ], [ 0, 1, 0, 0, 0, 0, 0 ], [ 0, 0, 1, 0, 0, 0, 0 ], [ 1, 0, 0, 0, 0, 0, 0 ],
      [ 0, 0, 0, 0, 1, 0, 0 ], [ 0, 0, 0, 0, 0, 1, 0 ], [ 0, 0, 0, 0, 0, 0, 1 ] ],
  [ [ 0, 0, 0, 0, 2, 0, 0 ], [ 0, 0, 2, 0, 0, 0, 0 ], [ 0, 2, 0, 0, 0, 0, 0 ], [ 0, 0, 0, 0, 2, 0, 0 ],
      [ 1, 0, 0, 1, 0, 0, 0 ], [ 0, 0, 0, 0, 0, 0, 2 ], [ 0, 0, 0, 0, 0, 2, 0 ] ],
  [ [ 0, 0, 0, 0, 0, 16, 0 ], [ 0, 8, 0, 0, 0, 0, 8 ], [ 0, 0, 8, 0, 0, 8, 0 ], [ 0, 0, 0, 0, 0, 16, 0 ],
      [ 0, 0, 0, 0, 0, 0, 16 ], [ 1, 0, 6, 1, 0, 8, 0 ], [ 0, 6, 0, 0, 2, 0, 8 ] ],
  [ [ 0, 0, 0, 0, 0, 0, 16 ], [ 0, 0, 8, 0, 0, 8, 0 ], [ 0, 8, 0, 0, 0, 0, 8 ], [ 0, 0, 0, 0, 0, 0, 16 ],
      [ 0, 0, 0, 0, 0, 16, 0 ], [ 0, 6, 0, 0, 2, 0, 8 ], [ 1, 0, 6, 1, 0, 8, 0 ] ] ]