 degree:12
 order:45
[ 12, 6, 2, 6, 6, 12 ][ 6, 12, 0, 6, 3, 0, 6, 0, 0, 0, 0, 0, 0, 3, 3 ]

minimal polynomial:
[ x-12, x, x+6, x^2-3*x-9, x^2+6*x-36 ]1
[ x-6, x, x+3 ]
[ x-2, x+1 ]
[ x-6, x, x^2+3*x-9 ]
[ x-6, x, x^2+3*x-9 ]
[ x-12, x, x+6, x^2-3*x-9, x^2+6*x-36 ]

 SITA:


[ [ [ 1, 0, 0, 0, 0, 0, 0 ], [ 0, 1, 0, 0, 0, 0, 0 ], [ 0, 0, 1, 0, 0, 0, 0 ], [ 0, 0, 0, 1, 0, 0, 0 ],
      [ 0, 0, 0, 0, 1, 0, 0 ], [ 0, 0, 0, 0, 0, 1, 0 ], [ 0, 0, 0, 0, 0, 0, 1 ] ],
  [ [ 0, 12, 0, 0, 0, 0, 0 ], [ 1, 0, 3, 2, 0, 3, 3 ], [ 0, 6, 0, 0, 6, 0, 0 ], [ 0, 12, 0, 0, 0, 0, 0 ],
      [ 0, 0, 6, 0, 0, 0, 6 ], [ 0, 6, 0, 0, 0, 0, 6 ], [ 0, 3, 0, 0, 3, 3, 3 ] ],
  [ [ 0, 0, 6, 0, 0, 0, 0 ], [ 0, 3, 0, 0, 3, 0, 0 ], [ 1, 0, 3, 2, 0, 0, 0 ], [ 0, 0, 6, 0, 0, 0, 0 ],
      [ 0, 6, 0, 0, 0, 0, 0 ], [ 0, 0, 0, 0, 0, 0, 6 ], [ 0, 0, 0, 0, 0, 3, 3 ] ],
  [ [ 0, 0, 0, 2, 0, 0, 0 ], [ 0, 2, 0, 0, 0, 0, 0 ], [ 0, 0, 2, 0, 0, 0, 0 ], [ 1, 0, 0, 1, 0, 0, 0 ],
      [ 0, 0, 0, 0, 2, 0, 0 ], [ 0, 0, 0, 0, 0, 2, 0 ], [ 0, 0, 0, 0, 0, 0, 2 ] ],
  [ [ 0, 0, 0, 0, 6, 0, 0 ], [ 0, 0, 3, 0, 0, 0, 3 ], [ 0, 6, 0, 0, 0, 0, 0 ], [ 0, 0, 0, 0, 6, 0, 0 ],
      [ 1, 0, 0, 2, 0, 3, 0 ], [ 0, 0, 0, 0, 3, 3, 0 ], [ 0, 3, 0, 0, 0, 0, 3 ] ],
  [ [ 0, 0, 0, 0, 0, 6, 0 ], [ 0, 3, 0, 0, 0, 0, 3 ], [ 0, 0, 0, 0, 0, 0, 6 ], [ 0, 0, 0, 0, 0, 6, 0 ],
      [ 0, 0, 0, 0, 3, 3, 0 ], [ 1, 0, 0, 2, 3, 0, 0 ], [ 0, 3, 3, 0, 0, 0, 0 ] ],
  [ [ 0, 0, 0, 0, 0, 0, 12 ], [ 0, 3, 0, 0, 3, 3, 3 ], [ 0, 0, 0, 0, 0, 6, 6 ], [ 0, 0, 0, 0, 0, 0, 12 ],
      [ 0, 6, 0, 0, 0, 0, 6 ], [ 0, 6, 6, 0, 0, 0, 0 ], [ 1, 3, 3, 2, 3, 0, 0 ] ] ]

