 degree:12
 order:54
[ 12, 12, 2, 3, 12, 12 ][ 3, 12, 0, 6, 0, 0, 12, 0, 6, 0, 0, 0, 0, 0, 6 ]
minimal polynomial:
[ x-12, x-6, x-3, x, x+3, x+6, x+12 ]
[ x-12, x-3, x, x+6 ]
[ x-2, x+1 ]
[ x-3, x, x+3 ]
[ x-12, x-3, x, x+6 ]
[ x-12, x-6, x-3, x, x+3, x+6, x+12 ]

 SITA:

[ [ [ 1, 0, 0, 0, 0, 0, 0 ], [ 0, 1, 0, 0, 0, 0, 0 ], [ 0, 0, 1, 0, 0, 0, 0 ], [ 0, 0, 0, 1, 0, 0, 0 ],
      [ 0, 0, 0, 0, 1, 0, 0 ], [ 0, 0, 0, 0, 0, 1, 0 ], [ 0, 0, 0, 0, 0, 0, 1 ] ],
  [ [ 0, 12, 0, 0, 0, 0, 0 ], [ 1, 0, 3, 2, 0, 6, 0 ], [ 0, 3, 0, 0, 3, 0, 6 ], [ 0, 12, 0, 0, 0, 0, 0 ],
      [ 0, 0, 12, 0, 0, 0, 0 ], [ 0, 6, 0, 0, 0, 0, 6 ], [ 0, 0, 6, 0, 0, 6, 0 ] ],
  [ [ 0, 0, 12, 0, 0, 0, 0 ], [ 0, 3, 0, 0, 3, 0, 6 ], [ 1, 0, 3, 2, 0, 6, 0 ], [ 0, 0, 12, 0, 0, 0, 0 ],
      [ 0, 12, 0, 0, 0, 0, 0 ], [ 0, 0, 6, 0, 0, 6, 0 ], [ 0, 6, 0, 0, 0, 0, 6 ] ],
  [ [ 0, 0, 0, 2, 0, 0, 0 ], [ 0, 2, 0, 0, 0, 0, 0 ], [ 0, 0, 2, 0, 0, 0, 0 ], [ 1, 0, 0, 1, 0, 0, 0 ],
      [ 0, 0, 0, 0, 2, 0, 0 ], [ 0, 0, 0, 0, 0, 2, 0 ], [ 0, 0, 0, 0, 0, 0, 2 ] ],
  [ [ 0, 0, 0, 0, 3, 0, 0 ], [ 0, 0, 3, 0, 0, 0, 0 ], [ 0, 3, 0, 0, 0, 0, 0 ], [ 0, 0, 0, 0, 3, 0, 0 ],
      [ 1, 0, 0, 2, 0, 0, 0 ], [ 0, 0, 0, 0, 0, 0, 3 ], [ 0, 0, 0, 0, 0, 3, 0 ] ],
  [ [ 0, 0, 0, 0, 0, 12, 0 ], [ 0, 6, 0, 0, 0, 0, 6 ], [ 0, 0, 6, 0, 0, 6, 0 ], [ 0, 0, 0, 0, 0, 12, 0 ],
      [ 0, 0, 0, 0, 0, 0, 12 ], [ 1, 0, 6, 2, 0, 3, 0 ], [ 0, 6, 0, 0, 3, 0, 3 ] ],
  [ [ 0, 0, 0, 0, 0, 0, 12 ], [ 0, 0, 6, 0, 0, 6, 0 ], [ 0, 6, 0, 0, 0, 0, 6 ], [ 0, 0, 0, 0, 0, 0, 12 ],
      [ 0, 0, 0, 0, 0, 12, 0 ], [ 0, 6, 0, 0, 3, 0, 3 ], [ 1, 0, 6, 2, 0, 3, 0 ] ] ]
