 degree:12
 order:108
[ 12, 12, 3, 8, 24, 48 ][ 2, 4, 6, 0, 1, 8, 6, 0, 1, 0, 0, 0, 0, 0, 6 ]
minimal polynomial:
[ x-12, x-2, x, x+4, x+6, x^2-72 ]1
[ x-12, x-4, x, x+2, x+6, x^2-72 ]
[ x-3, x+1 ]
[ x-8, x, x+4 ]
[ x-24, x, x+12 ]
[ x-48, x, x+24, x^2-288 ]

 SITA:

[ [ [ 1, 0, 0, 0, 0, 0, 0 ], [ 0, 1, 0, 0, 0, 0, 0 ], [ 0, 0, 1, 0, 0, 0, 0 ], [ 0, 0, 0, 1, 0, 0, 0 ],
      [ 0, 0, 0, 0, 1, 0, 0 ], [ 0, 0, 0, 0, 0, 1, 0 ], [ 0, 0, 0, 0, 0, 0, 1 ] ],
  [ [ 0, 12, 0, 0, 0, 0, 0 ], [ 1, 0, 2, 1, 4, 0, 4 ], [ 0, 2, 0, 2, 4, 0, 4 ], [ 0, 4, 8, 0, 0, 0, 0 ],
      [ 0, 6, 6, 0, 0, 0, 0 ], [ 0, 0, 0, 0, 0, 0, 12 ], [ 0, 1, 1, 0, 0, 6, 4 ] ],
  [ [ 0, 0, 12, 0, 0, 0, 0 ], [ 0, 2, 0, 2, 4, 0, 4 ], [ 1, 0, 2, 1, 4, 0, 4 ], [ 0, 8, 4, 0, 0, 0, 0 ],
      [ 0, 6, 6, 0, 0, 0, 0 ], [ 0, 0, 0, 0, 0, 0, 12 ], [ 0, 1, 1, 0, 0, 6, 4 ] ],
  [ [ 0, 0, 0, 3, 0, 0, 0 ], [ 0, 1, 2, 0, 0, 0, 0 ], [ 0, 2, 1, 0, 0, 0, 0 ], [ 1, 0, 0, 2, 0, 0, 0 ],
      [ 0, 0, 0, 0, 3, 0, 0 ], [ 0, 0, 0, 0, 0, 3, 0 ], [ 0, 0, 0, 0, 0, 0, 3 ] ],
  [ [ 0, 0, 0, 0, 8, 0, 0 ], [ 0, 4, 4, 0, 0, 0, 0 ], [ 0, 4, 4, 0, 0, 0, 0 ], [ 0, 0, 0, 0, 8, 0, 0 ],
      [ 1, 0, 0, 3, 4, 0, 0 ], [ 0, 0, 0, 0, 0, 8, 0 ], [ 0, 0, 0, 0, 0, 0, 8 ] ],
  [ [ 0, 0, 0, 0, 0, 24, 0 ], [ 0, 0, 0, 0, 0, 0, 24 ], [ 0, 0, 0, 0, 0, 0, 24 ], [ 0, 0, 0, 0, 0, 24, 0 ],
      [ 0, 0, 0, 0, 0, 24, 0 ], [ 1, 0, 0, 3, 8, 12, 0 ], [ 0, 6, 6, 0, 0, 0, 12 ] ],
  [ [ 0, 0, 0, 0, 0, 0, 48 ], [ 0, 4, 4, 0, 0, 24, 16 ], [ 0, 4, 4, 0, 0, 24, 16 ], [ 0, 0, 0, 0, 0, 0, 48 ],
      [ 0, 0, 0, 0, 0, 0, 48 ], [ 0, 12, 12, 0, 0, 0, 24 ], [ 1, 4, 4, 3, 8, 12, 16 ] ] ]
