 degree:12
 order:192
[ 12, 3, 12, 20, 24, 120 ][ 4, 8, 0, 1, 0, 2, 0, 0, 0, 0, 1, 0, 0, 2, 2 ] 
minimal polynomial:
[ x-12, x, x+4, x^2-8*x-24, x^2+8*x-8 ]1
[ x-3, x+1 ]
[ x-12, x, x+4, x^2-8*x-24, x^2-8*x-8 ]
[ x-20, x, x+4 ]
[ x-24, x, x+24 ]
[ x-120, x, x+40, x^2+16*x-96 ]

 SITA:

[ [ [ 1, 0, 0, 0, 0, 0, 0 ], [ 0, 1, 0, 0, 0, 0, 0 ], [ 0, 0, 1, 0, 0, 0, 0 ], [ 0, 0, 0, 1, 0, 0, 0 ],
      [ 0, 0, 0, 0, 1, 0, 0 ], [ 0, 0, 0, 0, 0, 1, 0 ], [ 0, 0, 0, 0, 0, 0, 1 ] ],
  [ [ 0, 12, 0, 0, 0, 0, 0 ], [ 1, 0, 1, 8, 0, 2, 0 ], [ 0, 4, 0, 8, 0, 0, 0 ], [ 0, 8, 2, 0, 0, 2, 0 ],
      [ 0, 0, 0, 0, 0, 0, 12 ], [ 0, 1, 0, 1, 0, 0, 10 ], [ 0, 0, 0, 0, 2, 2, 8 ] ],
  [ [ 0, 0, 3, 0, 0, 0, 0 ], [ 0, 1, 0, 2, 0, 0, 0 ], [ 1, 0, 2, 0, 0, 0, 0 ], [ 0, 2, 0, 1, 0, 0, 0 ],
      [ 0, 0, 0, 0, 3, 0, 0 ], [ 0, 0, 0, 0, 0, 3, 0 ], [ 0, 0, 0, 0, 0, 0, 3 ] ],
  [ [ 0, 0, 0, 12, 0, 0, 0 ], [ 0, 8, 2, 0, 0, 2, 0 ], [ 0, 8, 0, 4, 0, 0, 0 ], [ 1, 0, 1, 8, 0, 2, 0 ],
      [ 0, 0, 0, 0, 0, 0, 12 ], [ 0, 1, 0, 1, 0, 0, 10 ], [ 0, 0, 0, 0, 2, 2, 8 ] ],
  [ [ 0, 0, 0, 0, 20, 0, 0 ], [ 0, 0, 0, 0, 0, 0, 20 ], [ 0, 0, 0, 0, 20, 0, 0 ], [ 0, 0, 0, 0, 0, 0, 20 ],
      [ 1, 0, 3, 0, 16, 0, 0 ], [ 0, 0, 0, 0, 0, 20, 0 ], [ 0, 2, 0, 2, 0, 0, 16 ] ],
  [ [ 0, 0, 0, 0, 0, 24, 0 ], [ 0, 2, 0, 2, 0, 0, 20 ], [ 0, 0, 0, 0, 0, 24, 0 ], [ 0, 2, 0, 2, 0, 0, 20 ],
      [ 0, 0, 0, 0, 0, 24, 0 ], [ 1, 0, 3, 0, 20, 0, 0 ], [ 0, 2, 0, 2, 0, 0, 20 ] ],
  [ [ 0, 0, 0, 0, 0, 0, 120 ], [ 0, 0, 0, 0, 20, 20, 80 ], [ 0, 0, 0, 0, 0, 0, 120 ], [ 0, 0, 0, 0, 20, 20, 80 ],
      [ 0, 12, 0, 12, 0, 0, 96 ], [ 0, 10, 0, 10, 0, 0, 100 ], [ 1, 8, 3, 8, 16, 20, 64 ] ] ]