 degree:12
 order:112
[ 12, 12, 1, 2, 12, 72 ][ 4, 12, 0, 0, 1, 0, 12, 0, 1, 0, 0, 0, 0, 0, 2 ]
minimal polynomial:
[ x-12, x-6, x, x+2, x+4, x^2+4*x-24 ]1
[ x-12, x-6, x, x+2, x+4, x^2-4*x-24 ]
[ x-1, x+1 ]
[ x-2, x, x+2 ]
[ x-12, x, x+4 ]
[ x-72, x-8, x, x+12 ]

 SITA: 


[ [ [ 1, 0, 0, 0, 0, 0, 0 ], [ 0, 1, 0, 0, 0, 0, 0 ], [ 0, 0, 1, 0, 0, 0, 0 ], [ 0, 0, 0, 1, 0, 0, 0 ],
      [ 0, 0, 0, 0, 1, 0, 0 ], [ 0, 0, 0, 0, 0, 1, 0 ], [ 0, 0, 0, 0, 0, 0, 1 ] ],
  [ [ 0, 12, 0, 0, 0, 0, 0 ], [ 1, 0, 4, 1, 0, 0, 6 ], [ 0, 4, 0, 0, 2, 0, 6 ], [ 0, 12, 0, 0, 0, 0, 0 ],
      [ 0, 0, 12, 0, 0, 0, 0 ], [ 0, 0, 0, 0, 0, 0, 12 ], [ 0, 1, 1, 0, 0, 2, 8 ] ],
  [ [ 0, 0, 12, 0, 0, 0, 0 ], [ 0, 4, 0, 0, 2, 0, 6 ], [ 1, 0, 4, 1, 0, 0, 6 ], [ 0, 0, 12, 0, 0, 0, 0 ],
      [ 0, 12, 0, 0, 0, 0, 0 ], [ 0, 0, 0, 0, 0, 0, 12 ], [ 0, 1, 1, 0, 0, 2, 8 ] ],
  [ [ 0, 0, 0, 1, 0, 0, 0 ], [ 0, 1, 0, 0, 0, 0, 0 ], [ 0, 0, 1, 0, 0, 0, 0 ], [ 1, 0, 0, 0, 0, 0, 0 ],
      [ 0, 0, 0, 0, 1, 0, 0 ], [ 0, 0, 0, 0, 0, 1, 0 ], [ 0, 0, 0, 0, 0, 0, 1 ] ],
  [ [ 0, 0, 0, 0, 2, 0, 0 ], [ 0, 0, 2, 0, 0, 0, 0 ], [ 0, 2, 0, 0, 0, 0, 0 ], [ 0, 0, 0, 0, 2, 0, 0 ],
      [ 1, 0, 0, 1, 0, 0, 0 ], [ 0, 0, 0, 0, 0, 2, 0 ], [ 0, 0, 0, 0, 0, 0, 2 ] ],
  [ [ 0, 0, 0, 0, 0, 12, 0 ], [ 0, 0, 0, 0, 0, 0, 12 ], [ 0, 0, 0, 0, 0, 0, 12 ], [ 0, 0, 0, 0, 0, 12, 0 ],
      [ 0, 0, 0, 0, 0, 12, 0 ], [ 1, 0, 0, 1, 2, 8, 0 ], [ 0, 2, 2, 0, 0, 0, 8 ] ],
  [ [ 0, 0, 0, 0, 0, 0, 72 ], [ 0, 6, 6, 0, 0, 12, 48 ], [ 0, 6, 6, 0, 0, 12, 48 ], [ 0, 0, 0, 0, 0, 0, 72 ],
      [ 0, 0, 0, 0, 0, 0, 72 ], [ 0, 12, 12, 0, 0, 0, 48 ], [ 1, 8, 8, 1, 2, 8, 44 ] ] ]