 degree:12
 order:84
[ 12, 12, 5, 6, 24, 24 ][ 4, 12, 0, 1, 0, 0, 12, 0, 1, 0, 0, 0, 0, 0, 11 ]
minimal polynomial:
[ x-12, x, x+12, x^2-3*x-66, x^2+3*x-66 ]1
[ x-12, x, x^2-3*x-66 ]
[ x-5, x+1 ]
[ x-6, x, x+6 ]
[ x-24, x, x^2+15*x-12 ]
[ x-24, x, x+24, x^2-15*x-12, x^2+15*x-12 ]

 SITA:

[ [ [ 1, 0, 0, 0, 0, 0, 0 ], [ 0, 1, 0, 0, 0, 0, 0 ], [ 0, 0, 1, 0, 0, 0, 0 ], [ 0, 0, 0, 1, 0, 0, 0 ],
      [ 0, 0, 0, 0, 1, 0, 0 ], [ 0, 0, 0, 0, 0, 1, 0 ], [ 0, 0, 0, 0, 0, 0, 1 ] ],
  [ [ 0, 12, 0, 0, 0, 0, 0 ], [ 1, 0, 4, 5, 0, 2, 0 ], [ 0, 4, 0, 0, 6, 0, 2 ], [ 0, 12, 0, 0, 0, 0, 0 ],
      [ 0, 0, 12, 0, 0, 0, 0 ], [ 0, 1, 0, 0, 0, 0, 11 ], [ 0, 0, 1, 0, 0, 11, 0 ] ],
  [ [ 0, 0, 12, 0, 0, 0, 0 ], [ 0, 4, 0, 0, 6, 0, 2 ], [ 1, 0, 4, 5, 0, 2, 0 ], [ 0, 0, 12, 0, 0, 0, 0 ],
      [ 0, 12, 0, 0, 0, 0, 0 ], [ 0, 0, 1, 0, 0, 11, 0 ], [ 0, 1, 0, 0, 0, 0, 11 ] ],
  [ [ 0, 0, 0, 5, 0, 0, 0 ], [ 0, 5, 0, 0, 0, 0, 0 ], [ 0, 0, 5, 0, 0, 0, 0 ], [ 1, 0, 0, 4, 0, 0, 0 ],
      [ 0, 0, 0, 0, 5, 0, 0 ], [ 0, 0, 0, 0, 0, 5, 0 ], [ 0, 0, 0, 0, 0, 0, 5 ] ],
  [ [ 0, 0, 0, 0, 6, 0, 0 ], [ 0, 0, 6, 0, 0, 0, 0 ], [ 0, 6, 0, 0, 0, 0, 0 ], [ 0, 0, 0, 0, 6, 0, 0 ],
      [ 1, 0, 0, 5, 0, 0, 0 ], [ 0, 0, 0, 0, 0, 0, 6 ], [ 0, 0, 0, 0, 0, 6, 0 ] ],
  [ [ 0, 0, 0, 0, 0, 24, 0 ], [ 0, 2, 0, 0, 0, 0, 22 ], [ 0, 0, 2, 0, 0, 22, 0 ], [ 0, 0, 0, 0, 0, 24, 0 ],
      [ 0, 0, 0, 0, 0, 0, 24 ], [ 1, 0, 11, 5, 0, 7, 0 ], [ 0, 11, 0, 0, 6, 0, 7 ] ],
  [ [ 0, 0, 0, 0, 0, 0, 24 ], [ 0, 0, 2, 0, 0, 22, 0 ], [ 0, 2, 0, 0, 0, 0, 22 ], [ 0, 0, 0, 0, 0, 0, 24 ],
      [ 0, 0, 0, 0, 0, 24, 0 ], [ 0, 11, 0, 0, 6, 0, 7 ], [ 1, 0, 11, 5, 0, 7, 0 ] ] ]

