 degree:12
 order:78
 [12, 12, 2, 3, 16, 32 ][ 5, 12, 0, 3, 0, 0, 12, 3, 0, 0, 0, 0, 0, 0, 3 ]

minimal polynomial:
[ x-12, x-9, x-4, x, x+1, x+6, x+9 ]
[ x-12, x-9, x, x+1, x+4, x+6 ]
[ x-2, x+1 ]
[ x-3, x, x+3 ]
[ x-16, x-10, x, x+10 ]
[ x-32, x-6, x, x+4, x+24 ]

 SITA: 

[ [ [ 1, 0, 0, 0, 0, 0, 0 ], [ 0, 1, 0, 0, 0, 0, 0 ], [ 0, 0, 1, 0, 0, 0, 0 ], [ 0, 0, 0, 1, 0, 0, 0 ],
      [ 0, 0, 0, 0, 1, 0, 0 ], [ 0, 0, 0, 0, 0, 1, 0 ], [ 0, 0, 0, 0, 0, 0, 1 ] ],
  [ [ 0, 12, 0, 0, 0, 0, 0 ], [ 1, 0, 5, 2, 0, 4, 0 ], [ 0, 5, 0, 0, 3, 4, 0 ], [ 0, 12, 0, 0, 0, 0, 0 ],
      [ 0, 0, 12, 0, 0, 0, 0 ], [ 0, 3, 3, 0, 0, 0, 6 ], [ 0, 0, 0, 0, 0, 3, 9 ] ],
  [ [ 0, 0, 12, 0, 0, 0, 0 ], [ 0, 5, 0, 0, 3, 4, 0 ], [ 1, 0, 5, 2, 0, 4, 0 ], [ 0, 0, 12, 0, 0, 0, 0 ],
      [ 0, 12, 0, 0, 0, 0, 0 ], [ 0, 3, 3, 0, 0, 0, 6 ], [ 0, 0, 0, 0, 0, 3, 9 ] ],
  [ [ 0, 0, 0, 2, 0, 0, 0 ], [ 0, 2, 0, 0, 0, 0, 0 ], [ 0, 0, 2, 0, 0, 0, 0 ], [ 1, 0, 0, 1, 0, 0, 0 ],
      [ 0, 0, 0, 0, 2, 0, 0 ], [ 0, 0, 0, 0, 0, 2, 0 ], [ 0, 0, 0, 0, 0, 0, 2 ] ],
  [ [ 0, 0, 0, 0, 3, 0, 0 ], [ 0, 0, 3, 0, 0, 0, 0 ], [ 0, 3, 0, 0, 0, 0, 0 ], [ 0, 0, 0, 0, 3, 0, 0 ],
      [ 1, 0, 0, 2, 0, 0, 0 ], [ 0, 0, 0, 0, 0, 3, 0 ], [ 0, 0, 0, 0, 0, 0, 3 ] ],
  [ [ 0, 0, 0, 0, 0, 16, 0 ], [ 0, 4, 4, 0, 0, 0, 8 ], [ 0, 4, 4, 0, 0, 0, 8 ], [ 0, 0, 0, 0, 0, 16, 0 ],
      [ 0, 0, 0, 0, 0, 16, 0 ], [ 1, 0, 0, 2, 3, 2, 8 ], [ 0, 3, 3, 0, 0, 4, 6 ] ],
  [ [ 0, 0, 0, 0, 0, 0, 32 ], [ 0, 0, 0, 0, 0, 8, 24 ], [ 0, 0, 0, 0, 0, 8, 24 ], [ 0, 0, 0, 0, 0, 0, 32 ],
      [ 0, 0, 0, 0, 0, 0, 32 ], [ 0, 6, 6, 0, 0, 8, 12 ], [ 1, 9, 9, 2, 3, 6, 2 ] ] ]