 degree:12
 order:180
[ 12, 8, 24, 27, 54, 54 ][ 3, 0, 0, 2, 0, 3, 0, 0, 0, 0, 4, 0, 0, 6, 6 ]
minimal polynomial:
[ x-12, x-3, x, x+3, x+12, x^2-54 ]1
[ x-8, x+1 ]
[ x-24, x-3, x, x+3, x+24, x^2-216 ]
[ x-27, x-9, x, x+18 ]
[ x-54, x-9, x, x+18 ]
[ x-54, x, x+54, x^2-486 ]

 SITA: 


[ [ [ 1, 0, 0, 0, 0, 0, 0 ], [ 0, 1, 0, 0, 0, 0, 0 ], [ 0, 0, 1, 0, 0, 0, 0 ], [ 0, 0, 0, 1, 0, 0, 0 ],
      [ 0, 0, 0, 0, 1, 0, 0 ], [ 0, 0, 0, 0, 0, 1, 0 ], [ 0, 0, 0, 0, 0, 0, 1 ] ],
  [ [ 0, 12, 0, 0, 0, 0, 0 ], [ 1, 0, 2, 0, 0, 9, 0 ], [ 0, 3, 0, 9, 0, 0, 0 ], [ 0, 0, 3, 0, 0, 9, 0 ],
      [ 0, 0, 0, 0, 0, 0, 12 ], [ 0, 2, 0, 4, 0, 0, 6 ], [ 0, 0, 0, 0, 6, 6, 0 ] ],
  [ [ 0, 0, 8, 0, 0, 0, 0 ], [ 0, 2, 0, 6, 0, 0, 0 ], [ 1, 0, 7, 0, 0, 0, 0 ], [ 0, 3, 0, 5, 0, 0, 0 ],
      [ 0, 0, 0, 0, 8, 0, 0 ], [ 0, 0, 0, 0, 0, 8, 0 ], [ 0, 0, 0, 0, 0, 0, 8 ] ],
  [ [ 0, 0, 0, 24, 0, 0, 0 ], [ 0, 0, 6, 0, 0, 18, 0 ], [ 0, 9, 0, 15, 0, 0, 0 ], [ 1, 0, 5, 0, 0, 18, 0 ],
      [ 0, 0, 0, 0, 0, 0, 24 ], [ 0, 4, 0, 8, 0, 0, 12 ], [ 0, 0, 0, 0, 12, 12, 0 ] ],
  [ [ 0, 0, 0, 0, 27, 0, 0 ], [ 0, 0, 0, 0, 0, 0, 27 ], [ 0, 0, 0, 0, 27, 0, 0 ], [ 0, 0, 0, 0, 0, 0, 27 ],
      [ 1, 0, 8, 0, 0, 18, 0 ], [ 0, 0, 0, 0, 9, 18, 0 ], [ 0, 6, 0, 12, 0, 0, 9 ] ],
  [ [ 0, 0, 0, 0, 0, 54, 0 ], [ 0, 9, 0, 18, 0, 0, 27 ], [ 0, 0, 0, 0, 0, 54, 0 ], [ 0, 9, 0, 18, 0, 0, 27 ],
      [ 0, 0, 0, 0, 18, 36, 0 ], [ 1, 0, 8, 0, 18, 27, 0 ], [ 0, 6, 0, 12, 0, 0, 36 ] ],
  [ [ 0, 0, 0, 0, 0, 0, 54 ], [ 0, 0, 0, 0, 27, 27, 0 ], [ 0, 0, 0, 0, 0, 0, 54 ], [ 0, 0, 0, 0, 27, 27, 0 ],
      [ 0, 12, 0, 24, 0, 0, 18 ], [ 0, 6, 0, 12, 0, 0, 36 ], [ 1, 0, 8, 0, 9, 36, 0 ] ] ]
