 degree:6
 order:28
[ 6, 6, 1, 2, 6, 6 ][ 3, 6, 0, 1, 0, 0, 0, 0, 3, 0, 0, 0, 2, 0, 3 ]
minimal polynomial:
[ x-6, x, x+6, x^2-2*x-6, x^2+2*x-6 ]1        
[ x-6, x, x^2+2*x-6 ]
[ x-1, x+1 ]
[ x-2, x, x+2 ]
[ x-6, x, x^2+2*x-6 ]
[ x-6, x, x+6, x^2-2*x-6, x^2+2*x-6 ]
 SITA:


[ [ [ 1, 0, 0, 0, 0, 0, 0 ], [ 0, 1, 0, 0, 0, 0, 0 ], [ 0, 0, 1, 0, 0, 0, 0 ], 
      [ 0, 0, 0, 1, 0, 0, 0 ], [ 0, 0, 0, 0, 1, 0, 0 ], [ 0, 0, 0, 0, 0, 1, 0 ], 
      [ 0, 0, 0, 0, 0, 0, 1 ] ], 
  [ [ 0, 6, 0, 0, 0, 0, 0 ], [ 1, 0, 3, 1, 0, 1, 0 ], [ 0, 3, 0, 0, 0, 0, 3 ], 
      [ 0, 6, 0, 0, 0, 0, 0 ], [ 0, 0, 0, 0, 0, 6, 0 ], [ 0, 1, 0, 0, 2, 0, 3 ], 
      [ 0, 0, 3, 0, 0, 3, 0 ] ], 
  [ [ 0, 0, 6, 0, 0, 0, 0 ], [ 0, 3, 0, 0, 0, 0, 3 ], [ 1, 0, 1, 1, 0, 3, 0 ], 
      [ 0, 0, 6, 0, 0, 0, 0 ], [ 0, 0, 0, 0, 0, 0, 6 ], [ 0, 0, 3, 0, 0, 3, 0 ], 
      [ 0, 3, 0, 0, 2, 0, 1 ] ], 
  [ [ 0, 0, 0, 1, 0, 0, 0 ], [ 0, 1, 0, 0, 0, 0, 0 ], [ 0, 0, 1, 0, 0, 0, 0 ], 
      [ 1, 0, 0, 0, 0, 0, 0 ], [ 0, 0, 0, 0, 1, 0, 0 ], [ 0, 0, 0, 0, 0, 1, 0 ], 
      [ 0, 0, 0, 0, 0, 0, 1 ] ], 
  [ [ 0, 0, 0, 0, 2, 0, 0 ], [ 0, 0, 0, 0, 0, 2, 0 ], [ 0, 0, 0, 0, 0, 0, 2 ], 
      [ 0, 0, 0, 0, 2, 0, 0 ], [ 1, 0, 0, 1, 0, 0, 0 ], [ 0, 2, 0, 0, 0, 0, 0 ], 
      [ 0, 0, 2, 0, 0, 0, 0 ] ], 
  [ [ 0, 0, 0, 0, 0, 6, 0 ], [ 0, 1, 0, 0, 2, 0, 3 ], [ 0, 0, 3, 0, 0, 3, 0 ], 
      [ 0, 0, 0, 0, 0, 6, 0 ], [ 0, 6, 0, 0, 0, 0, 0 ], [ 1, 0, 3, 1, 0, 1, 0 ], 
      [ 0, 3, 0, 0, 0, 0, 3 ] ], 
  [ [ 0, 0, 0, 0, 0, 0, 6 ], [ 0, 0, 3, 0, 0, 3, 0 ], [ 0, 3, 0, 0, 2, 0, 1 ], 
      [ 0, 0, 0, 0, 0, 0, 6 ], [ 0, 0, 6, 0, 0, 0, 0 ], [ 0, 3, 0, 0, 0, 0, 3 ], 
      [ 1, 0, 1, 1, 0, 3, 0 ] ] ]