 degree:12
 order:96
[ 12, 12, 3, 4, 24, 40 ][ 6, 12, 0, 1, 0, 0, 12, 1, 0, 0, 0, 0, 0, 0, 6 ]
minimal polynomial:
[ x-12, x-10, x, x+4, x+6, x^2+6*x-48 ]1
[ x-12, x-10, x, x+4, x+6, x^2-6*x-48 ]
[ x-3, x+1 ]
[ x-4, x, x+4 ]
[ x-24, x, x+8 ]
[ x-40, x-8, x, x+20 ]

 SITA:

[ [ [ 1, 0, 0, 0, 0, 0, 0 ], [ 0, 1, 0, 0, 0, 0, 0 ], [ 0, 0, 1, 0, 0, 0, 0 ], [ 0, 0, 0, 1, 0, 0, 0 ],
      [ 0, 0, 0, 0, 1, 0, 0 ], [ 0, 0, 0, 0, 0, 1, 0 ], [ 0, 0, 0, 0, 0, 0, 1 ] ],
  [ [ 0, 12, 0, 0, 0, 0, 0 ], [ 1, 0, 6, 3, 0, 2, 0 ], [ 0, 6, 0, 0, 4, 2, 0 ], [ 0, 12, 0, 0, 0, 0, 0 ],
      [ 0, 0, 12, 0, 0, 0, 0 ], [ 0, 1, 1, 0, 0, 0, 10 ], [ 0, 0, 0, 0, 0, 6, 6 ] ],
  [ [ 0, 0, 12, 0, 0, 0, 0 ], [ 0, 6, 0, 0, 4, 2, 0 ], [ 1, 0, 6, 3, 0, 2, 0 ], [ 0, 0, 12, 0, 0, 0, 0 ],
      [ 0, 12, 0, 0, 0, 0, 0 ], [ 0, 1, 1, 0, 0, 0, 10 ], [ 0, 0, 0, 0, 0, 6, 6 ] ],
  [ [ 0, 0, 0, 3, 0, 0, 0 ], [ 0, 3, 0, 0, 0, 0, 0 ], [ 0, 0, 3, 0, 0, 0, 0 ], [ 1, 0, 0, 2, 0, 0, 0 ],
      [ 0, 0, 0, 0, 3, 0, 0 ], [ 0, 0, 0, 0, 0, 3, 0 ], [ 0, 0, 0, 0, 0, 0, 3 ] ],
  [ [ 0, 0, 0, 0, 4, 0, 0 ], [ 0, 0, 4, 0, 0, 0, 0 ], [ 0, 4, 0, 0, 0, 0, 0 ], [ 0, 0, 0, 0, 4, 0, 0 ],
      [ 1, 0, 0, 3, 0, 0, 0 ], [ 0, 0, 0, 0, 0, 4, 0 ], [ 0, 0, 0, 0, 0, 0, 4 ] ],
  [ [ 0, 0, 0, 0, 0, 24, 0 ], [ 0, 2, 2, 0, 0, 0, 20 ], [ 0, 2, 2, 0, 0, 0, 20 ], [ 0, 0, 0, 0, 0, 24, 0 ],
      [ 0, 0, 0, 0, 0, 24, 0 ], [ 1, 0, 0, 3, 4, 16, 0 ], [ 0, 6, 6, 0, 0, 0, 12 ] ],
  [ [ 0, 0, 0, 0, 0, 0, 40 ], [ 0, 0, 0, 0, 0, 20, 20 ], [ 0, 0, 0, 0, 0, 20, 20 ], [ 0, 0, 0, 0, 0, 0, 40 ],
      [ 0, 0, 0, 0, 0, 0, 40 ], [ 0, 10, 10, 0, 0, 0, 20 ], [ 1, 6, 6, 3, 4, 12, 8 ] ] ]