 degree:12
 order:208
[ 12, 3, 12, 40, 60, 80 ][ 4, 0, 0, 2, 0, 2, 0, 0, 0, 0, 2, 0, 0, 6, 6 ]
minimal polynomial:
[ x-12, x, x+12, x^2-40, x^2-8 ]1
[ x-3, x+1 ]
[ x-12, x, x+12, x^2-40, x^2-8 ]
[ x-40, x-8, x, x+12 ]
[ x-60, x-8, x, x+12 ]
[ x-80, x, x+80, x^2-160 ]


 SITA:


[ [ [ 1, 0, 0, 0, 0, 0, 0 ], [ 0, 1, 0, 0, 0, 0, 0 ], [ 0, 0, 1, 0, 0, 0, 0 ], [ 0, 0, 0, 1, 0, 0, 0 ],
      [ 0, 0, 0, 0, 1, 0, 0 ], [ 0, 0, 0, 0, 0, 1, 0 ], [ 0, 0, 0, 0, 0, 0, 1 ] ],
  [ [ 0, 12, 0, 0, 0, 0, 0 ], [ 1, 0, 1, 0, 0, 10, 0 ], [ 0, 4, 0, 8, 0, 0, 0 ], [ 0, 0, 2, 0, 0, 10, 0 ],
      [ 0, 0, 0, 0, 0, 0, 12 ], [ 0, 2, 0, 2, 0, 0, 8 ], [ 0, 0, 0, 0, 6, 6, 0 ] ],
  [ [ 0, 0, 3, 0, 0, 0, 0 ], [ 0, 1, 0, 2, 0, 0, 0 ], [ 1, 0, 2, 0, 0, 0, 0 ], [ 0, 2, 0, 1, 0, 0, 0 ],
      [ 0, 0, 0, 0, 3, 0, 0 ], [ 0, 0, 0, 0, 0, 3, 0 ], [ 0, 0, 0, 0, 0, 0, 3 ] ],
  [ [ 0, 0, 0, 12, 0, 0, 0 ], [ 0, 0, 2, 0, 0, 10, 0 ], [ 0, 8, 0, 4, 0, 0, 0 ], [ 1, 0, 1, 0, 0, 10, 0 ],
      [ 0, 0, 0, 0, 0, 0, 12 ], [ 0, 2, 0, 2, 0, 0, 8 ], [ 0, 0, 0, 0, 6, 6, 0 ] ],
  [ [ 0, 0, 0, 0, 40, 0, 0 ], [ 0, 0, 0, 0, 0, 0, 40 ], [ 0, 0, 0, 0, 40, 0, 0 ], [ 0, 0, 0, 0, 0, 0, 40 ],
      [ 1, 0, 3, 0, 12, 24, 0 ], [ 0, 0, 0, 0, 16, 24, 0 ], [ 0, 6, 0, 6, 0, 0, 28 ] ],
  [ [ 0, 0, 0, 0, 0, 60, 0 ], [ 0, 10, 0, 10, 0, 0, 40 ], [ 0, 0, 0, 0, 0, 60, 0 ], [ 0, 10, 0, 10, 0, 0, 40 ],
      [ 0, 0, 0, 0, 24, 36, 0 ], [ 1, 0, 3, 0, 24, 32, 0 ], [ 0, 6, 0, 6, 0, 0, 48 ] ],
  [ [ 0, 0, 0, 0, 0, 0, 80 ], [ 0, 0, 0, 0, 40, 40, 0 ], [ 0, 0, 0, 0, 0, 0, 80 ], [ 0, 0, 0, 0, 40, 40, 0 ],
      [ 0, 12, 0, 12, 0, 0, 56 ], [ 0, 8, 0, 8, 0, 0, 64 ], [ 1, 0, 3, 0, 28, 48, 0 ] ] ]