 degree:4
 order:20
[ 4, 4, 1, 2, 4, 4 ][ 1, 0, 0, 2, 0, 0, 2, 0, 2, 0, 0, 1, 1, 0, 1 ]
minimal polynomial:
[ x-4, x-1, x, x+1, x+4, x^2-5 ]1        
[ x-4, x+1 ]
[ x-1, x+1 ]
[ x-2, x, x+2 ]
[ x-4, x-1, x+1, x+4 ]
[ x-4, x-1, x, x+1, x+4, x^2-5 ]

 SITA:


[ [ [ 1, 0, 0, 0, 0, 0, 0 ], [ 0, 1, 0, 0, 0, 0, 0 ], [ 0, 0, 1, 0, 0, 0, 0 ], 
      [ 0, 0, 0, 1, 0, 0, 0 ], [ 0, 0, 0, 0, 1, 0, 0 ], [ 0, 0, 0, 0, 0, 1, 0 ], 
      [ 0, 0, 0, 0, 0, 0, 1 ] ], 
  [ [ 0, 4, 0, 0, 0, 0, 0 ], [ 1, 0, 1, 0, 0, 2, 0 ], [ 0, 1, 0, 0, 1, 0, 2 ], 
      [ 0, 0, 0, 0, 0, 0, 4 ], [ 0, 0, 2, 0, 0, 2, 0 ], [ 0, 2, 0, 0, 1, 0, 1 ], 
      [ 0, 0, 2, 1, 0, 1, 0 ] ], 
  [ [ 0, 0, 4, 0, 0, 0, 0 ], [ 0, 1, 0, 0, 1, 0, 2 ], [ 1, 0, 3, 0, 0, 0, 0 ], 
      [ 0, 0, 0, 0, 0, 4, 0 ], [ 0, 2, 0, 0, 0, 0, 2 ], [ 0, 0, 0, 1, 0, 3, 0 ], 
      [ 0, 2, 0, 0, 1, 0, 1 ] ], 
  [ [ 0, 0, 0, 1, 0, 0, 0 ], [ 0, 0, 0, 0, 0, 0, 1 ], [ 0, 0, 0, 0, 0, 1, 0 ], 
      [ 1, 0, 0, 0, 0, 0, 0 ], [ 0, 0, 0, 0, 1, 0, 0 ], [ 0, 0, 1, 0, 0, 0, 0 ], 
      [ 0, 1, 0, 0, 0, 0, 0 ] ], 
  [ [ 0, 0, 0, 0, 2, 0, 0 ], [ 0, 0, 1, 0, 0, 1, 0 ], [ 0, 1, 0, 0, 0, 0, 1 ], 
      [ 0, 0, 0, 0, 2, 0, 0 ], [ 1, 0, 0, 1, 0, 0, 0 ], [ 0, 1, 0, 0, 0, 0, 1 ], 
      [ 0, 0, 1, 0, 0, 1, 0 ] ], 
  [ [ 0, 0, 0, 0, 0, 4, 0 ], [ 0, 2, 0, 0, 1, 0, 1 ], [ 0, 0, 0, 1, 0, 3, 0 ], 
      [ 0, 0, 4, 0, 0, 0, 0 ], [ 0, 2, 0, 0, 0, 0, 2 ], [ 1, 0, 3, 0, 0, 0, 0 ], 
      [ 0, 1, 0, 0, 1, 0, 2 ] ], 
  [ [ 0, 0, 0, 0, 0, 0, 4 ], [ 0, 0, 2, 1, 0, 1, 0 ], [ 0, 2, 0, 0, 1, 0, 1 ], 
      [ 0, 4, 0, 0, 0, 0, 0 ], [ 0, 0, 2, 0, 0, 2, 0 ], [ 0, 1, 0, 0, 1, 0, 2 ], 
      [ 1, 0, 1, 0, 0, 2, 0 ] ] ]