 degree:12
 order:220
[ 12, 12, 3, 24, 72, 96 ][ 2, 4, 4, 0, 0, 8, 4, 0, 0, 0, 0, 0, 0, 1, 9 ]
minimal polynomial:
[ x-12, x-10, x-2, x, x+4, x+8, x+10 ]
[ x-12, x-10, x-4, x, x+2, x+8, x+10 ]
[ x-3, x+1 ]
[ x-24, x-14, x, x+6 ]
[ x-72, x-2, x, x+18 ]
[ x-96, x-16, x, x+20, x+80 ]

 SITA:


[ [ [ 1, 0, 0, 0, 0, 0, 0 ], [ 0, 1, 0, 0, 0, 0, 0 ], [ 0, 0, 1, 0, 0, 0, 0 ], [ 0, 0, 0, 1, 0, 0, 0 ],
      [ 0, 0, 0, 0, 1, 0, 0 ], [ 0, 0, 0, 0, 0, 1, 0 ], [ 0, 0, 0, 0, 0, 0, 1 ] ],
  [ [ 0, 12, 0, 0, 0, 0, 0 ], [ 1, 0, 2, 1, 8, 0, 0 ], [ 0, 2, 0, 2, 8, 0, 0 ], [ 0, 4, 8, 0, 0, 0, 0 ],
      [ 0, 4, 4, 0, 0, 0, 4 ], [ 0, 0, 0, 0, 0, 0, 12 ], [ 0, 0, 0, 0, 1, 9, 2 ] ],
  [ [ 0, 0, 12, 0, 0, 0, 0 ], [ 0, 2, 0, 2, 8, 0, 0 ], [ 1, 0, 2, 1, 8, 0, 0 ], [ 0, 8, 4, 0, 0, 0, 0 ],
      [ 0, 4, 4, 0, 0, 0, 4 ], [ 0, 0, 0, 0, 0, 0, 12 ], [ 0, 0, 0, 0, 1, 9, 2 ] ],
  [ [ 0, 0, 0, 3, 0, 0, 0 ], [ 0, 1, 2, 0, 0, 0, 0 ], [ 0, 2, 1, 0, 0, 0, 0 ], [ 1, 0, 0, 2, 0, 0, 0 ],
      [ 0, 0, 0, 0, 3, 0, 0 ], [ 0, 0, 0, 0, 0, 3, 0 ], [ 0, 0, 0, 0, 0, 0, 3 ] ],
  [ [ 0, 0, 0, 0, 24, 0, 0 ], [ 0, 8, 8, 0, 0, 0, 8 ], [ 0, 8, 8, 0, 0, 0, 8 ], [ 0, 0, 0, 0, 24, 0, 0 ],
      [ 1, 0, 0, 3, 11, 9, 0 ], [ 0, 0, 0, 0, 3, 21, 0 ], [ 0, 1, 1, 0, 0, 0, 22 ] ],
  [ [ 0, 0, 0, 0, 0, 72, 0 ], [ 0, 0, 0, 0, 0, 0, 72 ], [ 0, 0, 0, 0, 0, 0, 72 ], [ 0, 0, 0, 0, 0, 72, 0 ],
      [ 0, 0, 0, 0, 9, 63, 0 ], [ 1, 0, 0, 3, 21, 47, 0 ], [ 0, 9, 9, 0, 0, 0, 54 ] ],
  [ [ 0, 0, 0, 0, 0, 0, 96 ], [ 0, 0, 0, 0, 8, 72, 16 ], [ 0, 0, 0, 0, 8, 72, 16 ], [ 0, 0, 0, 0, 0, 0, 96 ],
      [ 0, 4, 4, 0, 0, 0, 88 ], [ 0, 12, 12, 0, 0, 0, 72 ], [ 1, 2, 2, 3, 22, 54, 12 ] ] ]