 degree:12
 order:40
[ 12, 12, 1, 2, 6, 6 ][ 6, 12, 0, 8, 0, 0, 12, 0, 8, 0, 0, 0, 0, 0, 4 ]
minimal polynomial:
[ x-12, x-4, x-2, x, x+2, x+4, x+12 ]
[ x-12, x-2, x, x+4 ]
[ x-1, x+1 ]
[ x-2, x, x+2 ]
[ x-6, x-2, x, x+4 ]
[ x-6, x-4, x-2, x, x+2, x+4, x+6 ]

 SITA:

[ [ [ 1, 0, 0, 0, 0, 0, 0 ], [ 0, 1, 0, 0, 0, 0, 0 ], [ 0, 0, 1, 0, 0, 0, 0 ], [ 0, 0, 0, 1, 0, 0, 0 ],
      [ 0, 0, 0, 0, 1, 0, 0 ], [ 0, 0, 0, 0, 0, 1, 0 ], [ 0, 0, 0, 0, 0, 0, 1 ] ],
  [ [ 0, 12, 0, 0, 0, 0, 0 ], [ 1, 0, 6, 1, 0, 4, 0 ], [ 0, 6, 0, 0, 2, 0, 4 ], [ 0, 12, 0, 0, 0, 0, 0 ],
      [ 0, 0, 12, 0, 0, 0, 0 ], [ 0, 8, 0, 0, 0, 0, 4 ], [ 0, 0, 8, 0, 0, 4, 0 ] ],
  [ [ 0, 0, 12, 0, 0, 0, 0 ], [ 0, 6, 0, 0, 2, 0, 4 ], [ 1, 0, 6, 1, 0, 4, 0 ], [ 0, 0, 12, 0, 0, 0, 0 ],
      [ 0, 12, 0, 0, 0, 0, 0 ], [ 0, 0, 8, 0, 0, 4, 0 ], [ 0, 8, 0, 0, 0, 0, 4 ] ],
  [ [ 0, 0, 0, 1, 0, 0, 0 ], [ 0, 1, 0, 0, 0, 0, 0 ], [ 0, 0, 1, 0, 0, 0, 0 ], [ 1, 0, 0, 0, 0, 0, 0 ],
      [ 0, 0, 0, 0, 1, 0, 0 ], [ 0, 0, 0, 0, 0, 1, 0 ], [ 0, 0, 0, 0, 0, 0, 1 ] ],
  [ [ 0, 0, 0, 0, 2, 0, 0 ], [ 0, 0, 2, 0, 0, 0, 0 ], [ 0, 2, 0, 0, 0, 0, 0 ], [ 0, 0, 0, 0, 2, 0, 0 ],
      [ 1, 0, 0, 1, 0, 0, 0 ], [ 0, 0, 0, 0, 0, 0, 2 ], [ 0, 0, 0, 0, 0, 2, 0 ] ],
  [ [ 0, 0, 0, 0, 0, 6, 0 ], [ 0, 4, 0, 0, 0, 0, 2 ], [ 0, 0, 4, 0, 0, 2, 0 ], [ 0, 0, 0, 0, 0, 6, 0 ],
      [ 0, 0, 0, 0, 0, 0, 6 ], [ 1, 0, 4, 1, 0, 0, 0 ], [ 0, 4, 0, 0, 2, 0, 0 ] ],
  [ [ 0, 0, 0, 0, 0, 0, 6 ], [ 0, 0, 4, 0, 0, 2, 0 ], [ 0, 4, 0, 0, 0, 0, 2 ], [ 0, 0, 0, 0, 0, 0, 6 ],
      [ 0, 0, 0, 0, 0, 6, 0 ], [ 0, 4, 0, 0, 2, 0, 0 ], [ 1, 0, 4, 1, 0, 0, 0 ] ] ]