 degree:12
 order:216
[ 12, 15, 20, 36, 60, 72 ][ 4, 0, 0, 0, 1, 0, 0, 2, 0, 0, 4, 0, 0, 6, 5 ]
minimal polynomial:
[ x-12, x-6, x, x+6, x+12, x^2-24 ]1
[ x-15, x-3, x+3 ]
[ x-20, x-2, x+4 ]
[ x-36, x, x+36 ]
[ x-60, x-30, x, x+30, x+60, x^2-24 ]
[ x-72, x, x+36 ]

 SITA:

[ [ [ 1, 0, 0, 0, 0, 0, 0 ], [ 0, 1, 0, 0, 0, 0, 0 ], [ 0, 0, 1, 0, 0, 0, 0 ], [ 0, 0, 0, 1, 0, 0, 0 ],
      [ 0, 0, 0, 0, 1, 0, 0 ], [ 0, 0, 0, 0, 0, 1, 0 ], [ 0, 0, 0, 0, 0, 0, 1 ] ],
  [ [ 0, 12, 0, 0, 0, 0, 0 ], [ 1, 0, 5, 0, 0, 0, 6 ], [ 0, 4, 0, 0, 0, 8, 0 ], [ 0, 0, 0, 0, 0, 12, 0 ],
      [ 0, 0, 0, 0, 0, 0, 12 ], [ 0, 0, 2, 4, 0, 0, 6 ], [ 0, 1, 0, 0, 6, 5, 0 ] ],
  [ [ 0, 0, 15, 0, 0, 0, 0 ], [ 0, 5, 0, 0, 0, 10, 0 ], [ 1, 0, 6, 8, 0, 0, 0 ], [ 0, 0, 6, 9, 0, 0, 0 ],
      [ 0, 0, 0, 0, 15, 0, 0 ], [ 0, 2, 0, 0, 0, 13, 0 ], [ 0, 0, 0, 0, 0, 0, 15 ] ],
  [ [ 0, 0, 0, 20, 0, 0, 0 ], [ 0, 0, 0, 0, 0, 20, 0 ], [ 0, 0, 8, 12, 0, 0, 0 ], [ 1, 0, 9, 10, 0, 0, 0 ],
      [ 0, 0, 0, 0, 20, 0, 0 ], [ 0, 4, 0, 0, 0, 16, 0 ], [ 0, 0, 0, 0, 0, 0, 20 ] ],
  [ [ 0, 0, 0, 0, 36, 0, 0 ], [ 0, 0, 0, 0, 0, 0, 36 ], [ 0, 0, 0, 0, 36, 0, 0 ], [ 0, 0, 0, 0, 36, 0, 0 ],
      [ 1, 0, 15, 20, 0, 0, 0 ], [ 0, 0, 0, 0, 0, 0, 36 ], [ 0, 6, 0, 0, 0, 30, 0 ] ],
  [ [ 0, 0, 0, 0, 0, 60, 0 ], [ 0, 0, 10, 20, 0, 0, 30 ], [ 0, 8, 0, 0, 0, 52, 0 ], [ 0, 12, 0, 0, 0, 48, 0 ],
      [ 0, 0, 0, 0, 0, 0, 60 ], [ 1, 0, 13, 16, 0, 0, 30 ], [ 0, 5, 0, 0, 30, 25, 0 ] ],
  [ [ 0, 0, 0, 0, 0, 0, 72 ], [ 0, 6, 0, 0, 36, 30, 0 ], [ 0, 0, 0, 0, 0, 0, 72 ], [ 0, 0, 0, 0, 0, 0, 72 ],
      [ 0, 12, 0, 0, 0, 60, 0 ], [ 0, 6, 0, 0, 36, 30, 0 ], [ 1, 0, 15, 20, 0, 0, 36 ] ] ]