 degree:12
 order:100
[ 12, 24, 1, 14, 24, 24 ][ 5, 12, 0, 0, 0, 0, 0, 7, 0, 0, 0, 0, 0, 7, 5 ]
minimal polynomial:
[ x-12, x, x+12, x^4-88*x^2+686 ]3
[ x-24, x, x^2-8*x-34 ]
[ x-1, x+1 ]
[ x-14, x, x+14, x^4-112*x^2+686 ]
[ x-24, x, x+24, x^4-32*x^2+56 ]
[ x-24, x, x^2+12*x-14 ]

 SITA:

[ [ [ 1, 0, 0, 0, 0, 0, 0 ], [ 0, 1, 0, 0, 0, 0, 0 ], [ 0, 0, 1, 0, 0, 0, 0 ], [ 0, 0, 0, 1, 0, 0, 0 ],[ 0, 0, 0, 0, 1, 0, 0 ], [ 0, 0, 0, 0, 0, 1, 0 ], [ 0, 0, 0, 0, 0, 0, 1 ] ],
  [ [ 0, 12, 0, 0, 0, 0, 0 ], [ 1, 0, 10, 1, 0, 0, 0 ], [ 0, 5, 0, 0, 0, 7, 0 ], [ 0, 12, 0, 0, 0, 0, 0 ],[ 0, 0, 0, 0, 0, 0, 12 ], [ 0, 0, 7, 0, 0, 0, 5 ], [ 0, 0, 0, 0, 7, 5, 0 ] ],
  [ [ 0, 0, 24, 0, 0, 0, 0 ], [ 0, 10, 0, 0, 0, 14, 0 ], [ 1, 0, 15, 1, 0, 0, 7 ], [ 0, 0, 24, 0, 0, 0, 0 ],[ 0, 0, 0, 0, 12, 12, 0 ], [ 0, 7, 0, 0, 7, 10, 0 ], [ 0, 0, 7, 0, 0, 0, 17 ] ],
  [ [ 0, 0, 0, 1, 0, 0, 0 ], [ 0, 1, 0, 0, 0, 0, 0 ], [ 0, 0, 1, 0, 0, 0, 0 ], [ 1, 0, 0, 0, 0, 0, 0 ],[ 0, 0, 0, 0, 1, 0, 0 ], [ 0, 0, 0, 0, 0, 1, 0 ], [ 0, 0, 0, 0, 0, 0, 1 ] ],
  [ [ 0, 0, 0, 0, 14, 0, 0 ], [ 0, 0, 0, 0, 0, 0, 14 ], [ 0, 0, 0, 0, 7, 7, 0 ], [ 0, 0, 0, 0, 14, 0, 0 ],[ 1, 0, 12, 1, 0, 0, 0 ], [ 0, 0, 7, 0, 0, 0, 7 ], [ 0, 7, 0, 0, 0, 7, 0 ] ],
  [ [ 0, 0, 0, 0, 0, 24, 0 ], [ 0, 0, 14, 0, 0, 0, 10 ], [ 0, 7, 0, 0, 7, 10, 0 ], [ 0, 0, 0, 0, 0, 24, 0 ],[ 0, 0, 12, 0, 0, 0, 12 ], [ 1, 0, 10, 1, 0, 0, 12 ], [ 0, 5, 0, 0, 7, 12, 0 ] ],
  [ [ 0, 0, 0, 0, 0, 0, 24 ], [ 0, 0, 0, 0, 14, 10, 0 ], [ 0, 0, 7, 0, 0, 0, 17 ], [ 0, 0, 0, 0, 0, 0, 24 ],[ 0, 12, 0, 0, 0, 12, 0 ], [ 0, 5, 0, 0, 7, 12, 0 ], [ 1, 0, 17, 1, 0, 0, 5 ] ] ]