 degree:12
 order:60
[ 12, 12, 2, 3, 6, 24 ][ 3, 0, 0, 4, 0, 0, 4, 4, 3, 0, 0, 1, 0, 1, 1 ] 
minimal polynomial:
[ x-12, x-8, x-1, x, x+2, x+3, x+4 ]
[ x-12, x, x+3 ]
[ x-2, x+1 ]
[ x-3, x+1 ]
[ x-6, x-1, x+2, x+3 ]
[ x-24, x-2, x, x+6, x+8 ]

 SITA:

[ [ [ 1, 0, 0, 0, 0, 0, 0 ], [ 0, 1, 0, 0, 0, 0, 0 ], [ 0, 0, 1, 0, 0, 0, 0 ], [ 0, 0, 0, 1, 0, 0, 0 ],
      [ 0, 0, 0, 0, 1, 0, 0 ], [ 0, 0, 0, 0, 0, 1, 0 ], [ 0, 0, 0, 0, 0, 0, 1 ] ],
  [ [ 0, 12, 0, 0, 0, 0, 0 ], [ 1, 6, 3, 0, 0, 2, 0 ], [ 0, 3, 0, 0, 1, 2, 6 ], [ 0, 0, 0, 0, 0, 0, 12 ],
      [ 0, 0, 4, 0, 0, 0, 8 ], [ 0, 4, 4, 0, 0, 0, 4 ], [ 0, 0, 3, 1, 1, 1, 6 ] ],
  [ [ 0, 0, 12, 0, 0, 0, 0 ], [ 0, 3, 0, 0, 1, 2, 6 ], [ 1, 0, 9, 2, 0, 0, 0 ], [ 0, 0, 12, 0, 0, 0, 0 ],
      [ 0, 4, 0, 0, 0, 0, 8 ], [ 0, 4, 0, 0, 0, 0, 8 ], [ 0, 3, 0, 0, 1, 2, 6 ] ],
  [ [ 0, 0, 0, 2, 0, 0, 0 ], [ 0, 0, 0, 0, 0, 0, 2 ], [ 0, 0, 2, 0, 0, 0, 0 ], [ 1, 0, 0, 1, 0, 0, 0 ],
      [ 0, 0, 0, 0, 0, 2, 0 ], [ 0, 0, 0, 0, 1, 1, 0 ], [ 0, 1, 0, 0, 0, 0, 1 ] ],
  [ [ 0, 0, 0, 0, 3, 0, 0 ], [ 0, 0, 1, 0, 0, 0, 2 ], [ 0, 1, 0, 0, 0, 0, 2 ], [ 0, 0, 0, 0, 0, 3, 0 ],
      [ 1, 0, 0, 0, 2, 0, 0 ], [ 0, 0, 0, 1, 0, 2, 0 ], [ 0, 1, 1, 0, 0, 0, 1 ] ],
  [ [ 0, 0, 0, 0, 0, 6, 0 ], [ 0, 2, 2, 0, 0, 0, 2 ], [ 0, 2, 0, 0, 0, 0, 4 ], [ 0, 0, 0, 0, 3, 3, 0 ],
      [ 0, 0, 0, 2, 0, 4, 0 ], [ 1, 0, 0, 1, 2, 2, 0 ], [ 0, 1, 2, 0, 0, 0, 3 ] ],
  [ [ 0, 0, 0, 0, 0, 0, 24 ], [ 0, 0, 6, 2, 2, 2, 12 ], [ 0, 6, 0, 0, 2, 4, 12 ], [ 0, 12, 0, 0, 0, 0, 12 ],
      [ 0, 8, 8, 0, 0, 0, 8 ], [ 0, 4, 8, 0, 0, 0, 12 ], [ 1, 6, 6, 1, 1, 3, 6 ] ] ]