 degree:12
 order:144
[ 12, 12, 3, 8, 48, 60 ][ 2, 4, 6, 1, 0, 8, 6, 1, 0, 0, 0, 0, 0, 0, 8 ]
minimal polynomial:
[ x-12, x-2, x, x+4, x+6, x^2-80 ]1
[ x-12, x-4, x, x+2, x+6, x^2-80 ]
[ x-3, x+1 ]
[ x-8, x, x+4 ]
[ x-48, x, x+24, x^2-16*x-256 ]
[ x-60, x-24, x, x+20 ]

 SITA:

[ [ [ 1, 0, 0, 0, 0, 0, 0 ], [ 0, 1, 0, 0, 0, 0, 0 ], [ 0, 0, 1, 0, 0, 0, 0 ], [ 0, 0, 0, 1, 0, 0, 0 ],
      [ 0, 0, 0, 0, 1, 0, 0 ], [ 0, 0, 0, 0, 0, 1, 0 ], [ 0, 0, 0, 0, 0, 0, 1 ] ],
  [ [ 0, 12, 0, 0, 0, 0, 0 ], [ 1, 0, 2, 1, 4, 4, 0 ], [ 0, 2, 0, 2, 4, 4, 0 ], [ 0, 4, 8, 0, 0, 0, 0 ],
      [ 0, 6, 6, 0, 0, 0, 0 ], [ 0, 1, 1, 0, 0, 0, 10 ], [ 0, 0, 0, 0, 0, 8, 4 ] ],
  [ [ 0, 0, 12, 0, 0, 0, 0 ], [ 0, 2, 0, 2, 4, 4, 0 ], [ 1, 0, 2, 1, 4, 4, 0 ], [ 0, 8, 4, 0, 0, 0, 0 ],
      [ 0, 6, 6, 0, 0, 0, 0 ], [ 0, 1, 1, 0, 0, 0, 10 ], [ 0, 0, 0, 0, 0, 8, 4 ] ],
  [ [ 0, 0, 0, 3, 0, 0, 0 ], [ 0, 1, 2, 0, 0, 0, 0 ], [ 0, 2, 1, 0, 0, 0, 0 ], [ 1, 0, 0, 2, 0, 0, 0 ],
      [ 0, 0, 0, 0, 3, 0, 0 ], [ 0, 0, 0, 0, 0, 3, 0 ], [ 0, 0, 0, 0, 0, 0, 3 ] ],
  [ [ 0, 0, 0, 0, 8, 0, 0 ], [ 0, 4, 4, 0, 0, 0, 0 ], [ 0, 4, 4, 0, 0, 0, 0 ], [ 0, 0, 0, 0, 8, 0, 0 ],
      [ 1, 0, 0, 3, 4, 0, 0 ], [ 0, 0, 0, 0, 0, 8, 0 ], [ 0, 0, 0, 0, 0, 0, 8 ] ],
  [ [ 0, 0, 0, 0, 0, 48, 0 ], [ 0, 4, 4, 0, 0, 0, 40 ], [ 0, 4, 4, 0, 0, 0, 40 ], [ 0, 0, 0, 0, 0, 48, 0 ],
      [ 0, 0, 0, 0, 0, 48, 0 ], [ 1, 0, 0, 3, 8, 16, 20 ], [ 0, 8, 8, 0, 0, 16, 16 ] ],
  [ [ 0, 0, 0, 0, 0, 0, 60 ], [ 0, 0, 0, 0, 0, 40, 20 ], [ 0, 0, 0, 0, 0, 40, 20 ], [ 0, 0, 0, 0, 0, 0, 60 ],
      [ 0, 0, 0, 0, 0, 0, 60 ], [ 0, 10, 10, 0, 0, 20, 20 ], [ 1, 4, 4, 3, 8, 16, 24 ] ] ]