 degree:12
 order:160
[ 12, 28, 3, 32, 36, 48 ][ 3, 0, 0, 0, 1, 0, 0, 7, 0, 0, 1, 0, 0, 8, 3 ]
minimal polynomial:
[ x-12, x-8, x, x+8, x+12, x^2-12 ]1
[ x-28, x, x+4 ]
[ x-3, x+1 ]
[ x-32, x, x+32 ]
[ x-36, x-24, x, x+24, x+36, x^2-12 ]
[ x-48, x, x+32 ]

 SITA: 

[ [ [ 1, 0, 0, 0, 0, 0, 0 ], [ 0, 1, 0, 0, 0, 0, 0 ], [ 0, 0, 1, 0, 0, 0, 0 ], [ 0, 0, 0, 1, 0, 0, 0 ], [ 0, 0, 0, 0, 1, 0, 0 ], [ 0, 0, 0, 0, 0, 1, 0 ], [ 0, 0, 0, 0, 0, 0, 1 ] ],
  [ [ 0, 12, 0, 0, 0, 0, 0 ], [ 1, 0, 7, 0, 0, 0, 4 ], [ 0, 3, 0, 0, 0, 9, 0 ], [ 0, 0, 0, 0, 0, 12, 0 ],[ 0, 0, 0, 0, 0, 0, 12 ], [ 0, 0, 7, 1, 0, 0, 4 ], [ 0, 1, 0, 0, 8, 3, 0 ] ],
  [ [ 0, 0, 28, 0, 0, 0, 0 ], [ 0, 7, 0, 0, 0, 21, 0 ], [ 1, 0, 24, 3, 0, 0, 0 ], [ 0, 0, 28, 0, 0, 0, 0 ],[ 0, 0, 0, 0, 28, 0, 0 ], [ 0, 7, 0, 0, 0, 21, 0 ], [ 0, 0, 0, 0, 0, 0, 28 ] ],
  [ [ 0, 0, 0, 3, 0, 0, 0 ], [ 0, 0, 0, 0, 0, 3, 0 ], [ 0, 0, 3, 0, 0, 0, 0 ], [ 1, 0, 0, 2, 0, 0, 0 ],[ 0, 0, 0, 0, 3, 0, 0 ], [ 0, 1, 0, 0, 0, 2, 0 ], [ 0, 0, 0, 0, 0, 0, 3 ] ],
  [ [ 0, 0, 0, 0, 32, 0, 0 ], [ 0, 0, 0, 0, 0, 0, 32 ], [ 0, 0, 0, 0, 32, 0, 0 ], [ 0, 0, 0, 0, 32, 0, 0 ],[ 1, 0, 28, 3, 0, 0, 0 ], [ 0, 0, 0, 0, 0, 0, 32 ], [ 0, 8, 0, 0, 0, 24, 0 ] ],
  [ [ 0, 0, 0, 0, 0, 36, 0 ], [ 0, 0, 21, 3, 0, 0, 12 ], [ 0, 9, 0, 0, 0, 27, 0 ], [ 0, 12, 0, 0, 0, 24, 0 ],[ 0, 0, 0, 0, 0, 0, 36 ], [ 1, 0, 21, 2, 0, 0, 12 ], [ 0, 3, 0, 0, 24, 9, 0 ] ],
  [ [ 0, 0, 0, 0, 0, 0, 48 ], [ 0, 4, 0, 0, 32, 12, 0 ], [ 0, 0, 0, 0, 0, 0, 48 ], [ 0, 0, 0, 0, 0, 0, 48 ],[ 0, 12, 0, 0, 0, 36, 0 ], [ 0, 4, 0, 0, 32, 12, 0 ], [ 1, 0, 28, 3, 0, 0, 16 ] ] ]
