 degree:12
 order:240
[ 12, 18, 5, 48, 60, 96 ][ 2, 0, 0, 0, 1, 0, 0, 3, 0, 0, 1, 0, 0, 6, 5 ]
minimal polynomial:
[ x-12, x, x+12, x^2-24, x^2-12 ]1
[ x-18, x, x+6 ]
[ x-5, x+1 ]
[ x-48, x, x+48, x^2-864 ]
[ x-60, x, x+60, x^2-600, x^2-12 ]
[ x-96, x, x+24 ]

 SITA:


[ [ [ 1, 0, 0, 0, 0, 0, 0 ], [ 0, 1, 0, 0, 0, 0, 0 ], [ 0, 0, 1, 0, 0, 0, 0 ], [ 0, 0, 0, 1, 0, 0, 0 ],[ 0, 0, 0, 0, 1, 0, 0 ], [ 0, 0, 0, 0, 0, 1, 0 ], [ 0, 0, 0, 0, 0, 0, 1 ] ],
  [ [ 0, 12, 0, 0, 0, 0, 0 ], [ 1, 0, 3, 0, 0, 0, 8 ], [ 0, 2, 0, 0, 0, 10, 0 ], [ 0, 0, 0, 0, 0, 12, 0 ],[ 0, 0, 0, 0, 0, 0, 12 ], [ 0, 0, 3, 1, 0, 0, 8 ], [ 0, 1, 0, 0, 6, 5, 0 ] ],
  [ [ 0, 0, 18, 0, 0, 0, 0 ], [ 0, 3, 0, 0, 0, 15, 0 ], [ 1, 0, 12, 5, 0, 0, 0 ], [ 0, 0, 18, 0, 0, 0, 0 ],[ 0, 0, 0, 0, 18, 0, 0 ], [ 0, 3, 0, 0, 0, 15, 0 ], [ 0, 0, 0, 0, 0, 0, 18 ] ],
  [ [ 0, 0, 0, 5, 0, 0, 0 ], [ 0, 0, 0, 0, 0, 5, 0 ], [ 0, 0, 5, 0, 0, 0, 0 ], [ 1, 0, 0, 4, 0, 0, 0 ],[ 0, 0, 0, 0, 5, 0, 0 ], [ 0, 1, 0, 0, 0, 4, 0 ], [ 0, 0, 0, 0, 0, 0, 5 ] ],
  [ [ 0, 0, 0, 0, 48, 0, 0 ], [ 0, 0, 0, 0, 0, 0, 48 ], [ 0, 0, 0, 0, 48, 0, 0 ], [ 0, 0, 0, 0, 48, 0, 0 ],[ 1, 0, 18, 5, 0, 0, 24 ], [ 0, 0, 0, 0, 0, 0, 48 ], [ 0, 6, 0, 0, 12, 30, 0 ] ],
  [ [ 0, 0, 0, 0, 0, 60, 0 ], [ 0, 0, 15, 5, 0, 0, 40 ], [ 0, 10, 0, 0, 0, 50, 0 ], [ 0, 12, 0, 0, 0, 48, 0 ],[ 0, 0, 0, 0, 0, 0, 60 ], [ 1, 0, 15, 4, 0, 0, 40 ], [ 0, 5, 0, 0, 30, 25, 0 ] ],
  [ [ 0, 0, 0, 0, 0, 0, 96 ], [ 0, 8, 0, 0, 48, 40, 0 ], [ 0, 0, 0, 0, 0, 0, 96 ], [ 0, 0, 0, 0, 0, 0, 96 ],[ 0, 12, 0, 0, 24, 60, 0 ], [ 0, 8, 0, 0, 48, 40, 0 ], [ 1, 0, 18, 5, 0, 0, 72 ] ] ]