 degree:12
 order:90
[ 12, 12, 3, 8, 18, 36 ][ 3, 12, 3, 0, 1, 0, 9, 0, 1, 0, 0, 0, 0, 0, 6 ]
minimal polynomial:
[ x-12, x-9, x, x+6, x+8, x^2+3*x-36 ]1
[ x-12, x-9, x, x+6, x+8, x^2-3*x-36 ]
[ x-3, x+1 ]
[ x-8, x, x+4 ]
[ x-18, x, x+12 ]
[ x-36, x-16, x, x+18 ]

 SITA:

[ [ [ 1, 0, 0, 0, 0, 0, 0 ], [ 0, 1, 0, 0, 0, 0, 0 ], [ 0, 0, 1, 0, 0, 0, 0 ], [ 0, 0, 0, 1, 0, 0, 0 ],
      [ 0, 0, 0, 0, 1, 0, 0 ], [ 0, 0, 0, 0, 0, 1, 0 ], [ 0, 0, 0, 0, 0, 0, 1 ] ],
  [ [ 0, 12, 0, 0, 0, 0, 0 ], [ 1, 0, 3, 3, 2, 0, 3 ], [ 0, 3, 0, 0, 6, 0, 3 ], [ 0, 12, 0, 0, 0, 0, 0 ],
      [ 0, 3, 9, 0, 0, 0, 0 ], [ 0, 0, 0, 0, 0, 0, 12 ], [ 0, 1, 1, 0, 0, 6, 4 ] ],
  [ [ 0, 0, 12, 0, 0, 0, 0 ], [ 0, 3, 0, 0, 6, 0, 3 ], [ 1, 0, 3, 3, 2, 0, 3 ], [ 0, 0, 12, 0, 0, 0, 0 ],
      [ 0, 9, 3, 0, 0, 0, 0 ], [ 0, 0, 0, 0, 0, 0, 12 ], [ 0, 1, 1, 0, 0, 6, 4 ] ],
  [ [ 0, 0, 0, 3, 0, 0, 0 ], [ 0, 3, 0, 0, 0, 0, 0 ], [ 0, 0, 3, 0, 0, 0, 0 ], [ 1, 0, 0, 2, 0, 0, 0 ],
      [ 0, 0, 0, 0, 3, 0, 0 ], [ 0, 0, 0, 0, 0, 3, 0 ], [ 0, 0, 0, 0, 0, 0, 3 ] ],
  [ [ 0, 0, 0, 0, 8, 0, 0 ], [ 0, 2, 6, 0, 0, 0, 0 ], [ 0, 6, 2, 0, 0, 0, 0 ], [ 0, 0, 0, 0, 8, 0, 0 ],
      [ 1, 0, 0, 3, 4, 0, 0 ], [ 0, 0, 0, 0, 0, 8, 0 ], [ 0, 0, 0, 0, 0, 0, 8 ] ],
  [ [ 0, 0, 0, 0, 0, 18, 0 ], [ 0, 0, 0, 0, 0, 0, 18 ], [ 0, 0, 0, 0, 0, 0, 18 ], [ 0, 0, 0, 0, 0, 18, 0 ],
      [ 0, 0, 0, 0, 0, 18, 0 ], [ 1, 0, 0, 3, 8, 6, 0 ], [ 0, 6, 6, 0, 0, 0, 6 ] ],
  [ [ 0, 0, 0, 0, 0, 0, 36 ], [ 0, 3, 3, 0, 0, 18, 12 ], [ 0, 3, 3, 0, 0, 18, 12 ], [ 0, 0, 0, 0, 0, 0, 36 ],
      [ 0, 0, 0, 0, 0, 0, 36 ], [ 0, 12, 12, 0, 0, 0, 12 ], [ 1, 4, 4, 3, 8, 6, 10 ] ] ]

