 degree:12
 order:84
[ 12, 8, 3, 12, 24, 24 ][ 3, 12, 0, 3, 0, 0, 6, 0, 0, 0, 0, 0, 3, 0, 6 ]
minimal polynomial:
[ x-12, x-6, x, x+6, x^3+6*x^2-72*x-216 ]1
[ x-8, x, x+4 ]
[ x-3, x+1 ]
[ x-12, x-6, x, x+6, x^3+6*x^2-72*x-216 ]
[ x-24, x, x^3+12*x^2-288*x-1728 ]
[ x-24, x, x^3+12*x^2-288*x-1728 ]

 SITA:

[ [ [ 1, 0, 0, 0, 0, 0, 0 ], [ 0, 1, 0, 0, 0, 0, 0 ], [ 0, 0, 1, 0, 0, 0, 0 ], [ 0, 0, 0, 1, 0, 0, 0 ],
      [ 0, 0, 0, 0, 1, 0, 0 ], [ 0, 0, 0, 0, 0, 1, 0 ], [ 0, 0, 0, 0, 0, 0, 1 ] ],
  [ [ 0, 12, 0, 0, 0, 0, 0 ], [ 1, 0, 2, 3, 0, 6, 0 ], [ 0, 3, 0, 0, 9, 0, 0 ], [ 0, 12, 0, 0, 0, 0, 0 ],
      [ 0, 0, 6, 0, 0, 6, 0 ], [ 0, 3, 0, 0, 3, 0, 6 ], [ 0, 0, 0, 0, 0, 6, 6 ] ],
  [ [ 0, 0, 8, 0, 0, 0, 0 ], [ 0, 2, 0, 0, 6, 0, 0 ], [ 1, 0, 4, 3, 0, 0, 0 ], [ 0, 0, 8, 0, 0, 0, 0 ],
      [ 0, 6, 0, 0, 2, 0, 0 ], [ 0, 0, 0, 0, 0, 8, 0 ], [ 0, 0, 0, 0, 0, 0, 8 ] ],
  [ [ 0, 0, 0, 3, 0, 0, 0 ], [ 0, 3, 0, 0, 0, 0, 0 ], [ 0, 0, 3, 0, 0, 0, 0 ], [ 1, 0, 0, 2, 0, 0, 0 ],
      [ 0, 0, 0, 0, 3, 0, 0 ], [ 0, 0, 0, 0, 0, 3, 0 ], [ 0, 0, 0, 0, 0, 0, 3 ] ],
  [ [ 0, 0, 0, 0, 12, 0, 0 ], [ 0, 0, 6, 0, 0, 6, 0 ], [ 0, 9, 0, 0, 3, 0, 0 ], [ 0, 0, 0, 0, 12, 0, 0 ],
      [ 1, 0, 2, 3, 0, 6, 0 ], [ 0, 3, 0, 0, 3, 0, 6 ], [ 0, 0, 0, 0, 0, 6, 6 ] ],
  [ [ 0, 0, 0, 0, 0, 24, 0 ], [ 0, 6, 0, 0, 6, 0, 12 ], [ 0, 0, 0, 0, 0, 24, 0 ], [ 0, 0, 0, 0, 0, 24, 0 ],
      [ 0, 6, 0, 0, 6, 0, 12 ], [ 1, 0, 8, 3, 0, 0, 12 ], [ 0, 6, 0, 0, 6, 12, 0 ] ],
  [ [ 0, 0, 0, 0, 0, 0, 24 ], [ 0, 0, 0, 0, 0, 12, 12 ], [ 0, 0, 0, 0, 0, 0, 24 ], [ 0, 0, 0, 0, 0, 0, 24 ],
      [ 0, 0, 0, 0, 0, 12, 12 ], [ 0, 6, 0, 0, 6, 12, 0 ], [ 1, 6, 8, 3, 6, 0, 0 ] ] ]