 degree:12
 order:72
[ 12, 12, 1, 2, 20, 24 ][ 6, 0, 0, 3, 0, 12, 0, 3, 0, 0, 0, 0, 0, 1, 5 ]

minimal polynomial:
[ x-12, x, x+6, x^2-6*x-12, x^2+6*x-12 ]1
[ x-12, x, x+6, x^2-6*x-12 ]
[ x-1, x+1 ]
[ x-2, x, x+2 ]
[ x-20, x, x+4 ]
[ x-24, x, x+12, x^2+12*x-48 ]

 SITA: 

[ [ [ 1, 0, 0, 0, 0, 0, 0 ], [ 0, 1, 0, 0, 0, 0, 0 ], [ 0, 0, 1, 0, 0, 0, 0 ], [ 0, 0, 0, 1, 0, 0, 0 ],
      [ 0, 0, 0, 0, 1, 0, 0 ], [ 0, 0, 0, 0, 0, 1, 0 ], [ 0, 0, 0, 0, 0, 0, 1 ] ],
  [ [ 0, 12, 0, 0, 0, 0, 0 ], [ 1, 0, 6, 0, 0, 5, 0 ], [ 0, 6, 0, 1, 0, 5, 0 ], [ 0, 0, 12, 0, 0, 0, 0 ],
      [ 0, 0, 0, 0, 0, 0, 12 ], [ 0, 3, 3, 0, 0, 0, 6 ], [ 0, 0, 0, 0, 1, 5, 6 ] ],
  [ [ 0, 0, 12, 0, 0, 0, 0 ], [ 0, 6, 0, 1, 0, 5, 0 ], [ 1, 0, 6, 0, 0, 5, 0 ], [ 0, 12, 0, 0, 0, 0, 0 ],
      [ 0, 0, 0, 0, 0, 0, 12 ], [ 0, 3, 3, 0, 0, 0, 6 ], [ 0, 0, 0, 0, 1, 5, 6 ] ],
  [ [ 0, 0, 0, 1, 0, 0, 0 ], [ 0, 0, 1, 0, 0, 0, 0 ], [ 0, 1, 0, 0, 0, 0, 0 ], [ 1, 0, 0, 0, 0, 0, 0 ],
      [ 0, 0, 0, 0, 1, 0, 0 ], [ 0, 0, 0, 0, 0, 1, 0 ], [ 0, 0, 0, 0, 0, 0, 1 ] ],
  [ [ 0, 0, 0, 0, 2, 0, 0 ], [ 0, 0, 0, 0, 0, 0, 2 ], [ 0, 0, 0, 0, 0, 0, 2 ], [ 0, 0, 0, 0, 2, 0, 0 ],
      [ 1, 0, 0, 1, 0, 0, 0 ], [ 0, 0, 0, 0, 0, 2, 0 ], [ 0, 1, 1, 0, 0, 0, 0 ] ],
  [ [ 0, 0, 0, 0, 0, 20, 0 ], [ 0, 5, 5, 0, 0, 0, 10 ], [ 0, 5, 5, 0, 0, 0, 10 ], [ 0, 0, 0, 0, 0, 20, 0 ],
      [ 0, 0, 0, 0, 0, 20, 0 ], [ 1, 0, 0, 1, 2, 16, 0 ], [ 0, 5, 5, 0, 0, 0, 10 ] ],
  [ [ 0, 0, 0, 0, 0, 0, 24 ], [ 0, 0, 0, 0, 2, 10, 12 ], [ 0, 0, 0, 0, 2, 10, 12 ], [ 0, 0, 0, 0, 0, 0, 24 ],
      [ 0, 12, 12, 0, 0, 0, 0 ], [ 0, 6, 6, 0, 0, 0, 12 ], [ 1, 6, 6, 1, 0, 10, 0 ] ] ]