 degree:12
 order:84
[ 12, 10, 1, 10, 20, 30 ][ 6, 12, 0, 0, 2, 0, 0, 3, 0, 0, 0, 0, 0, 4, 6 ]
minimal polynomial:
[ x-12, x-6, x-2, x, x+2, x+6, x+12 ]
[ x-10, x-4, x, x+4 ]
[ x-1, x+1 ]
[ x-10, x-4, x, x+4, x+10 ]
[ x-20, x-6, x-2, x, x+2, x+6, x+20 ]
[ x-30, x-2, x, x+6 ]

 SITA:


[ [ [ 1, 0, 0, 0, 0, 0, 0 ], [ 0, 1, 0, 0, 0, 0, 0 ], [ 0, 0, 1, 0, 0, 0, 0 ], [ 0, 0, 0, 1, 0, 0, 0 ],
      [ 0, 0, 0, 0, 1, 0, 0 ], [ 0, 0, 0, 0, 0, 1, 0 ], [ 0, 0, 0, 0, 0, 0, 1 ] ],
  [ [ 0, 12, 0, 0, 0, 0, 0 ], [ 1, 0, 5, 1, 0, 0, 5 ], [ 0, 6, 0, 0, 0, 6, 0 ], [ 0, 12, 0, 0, 0, 0, 0 ],
      [ 0, 0, 0, 0, 0, 0, 12 ], [ 0, 0, 3, 0, 0, 0, 9 ], [ 0, 2, 0, 0, 4, 6, 0 ] ],
  [ [ 0, 0, 10, 0, 0, 0, 0 ], [ 0, 5, 0, 0, 0, 5, 0 ], [ 1, 0, 2, 1, 0, 0, 6 ], [ 0, 0, 10, 0, 0, 0, 0 ],
      [ 0, 0, 0, 0, 2, 8, 0 ], [ 0, 3, 0, 0, 4, 3, 0 ], [ 0, 0, 2, 0, 0, 0, 8 ] ],
  [ [ 0, 0, 0, 1, 0, 0, 0 ], [ 0, 1, 0, 0, 0, 0, 0 ], [ 0, 0, 1, 0, 0, 0, 0 ], [ 1, 0, 0, 0, 0, 0, 0 ],
      [ 0, 0, 0, 0, 1, 0, 0 ], [ 0, 0, 0, 0, 0, 1, 0 ], [ 0, 0, 0, 0, 0, 0, 1 ] ],
  [ [ 0, 0, 0, 0, 10, 0, 0 ], [ 0, 0, 0, 0, 0, 0, 10 ], [ 0, 0, 0, 0, 2, 8, 0 ], [ 0, 0, 0, 0, 10, 0, 0 ],
      [ 1, 0, 2, 1, 0, 0, 6 ], [ 0, 0, 4, 0, 0, 0, 6 ], [ 0, 4, 0, 0, 2, 4, 0 ] ],
  [ [ 0, 0, 0, 0, 0, 20, 0 ], [ 0, 0, 5, 0, 0, 0, 15 ], [ 0, 6, 0, 0, 8, 6, 0 ], [ 0, 0, 0, 0, 0, 20, 0 ],
      [ 0, 0, 8, 0, 0, 0, 12 ], [ 1, 0, 3, 1, 0, 0, 15 ], [ 0, 6, 0, 0, 4, 10, 0 ] ],
  [ [ 0, 0, 0, 0, 0, 0, 30 ], [ 0, 5, 0, 0, 10, 15, 0 ], [ 0, 0, 6, 0, 0, 0, 24 ], [ 0, 0, 0, 0, 0, 0, 30 ],
      [ 0, 12, 0, 0, 6, 12, 0 ], [ 0, 9, 0, 0, 6, 15, 0 ], [ 1, 0, 8, 1, 0, 0, 20 ] ] ]
