 degree:12
 order:108
[ 12, 15, 2, 18, 24, 36 ][ 4, 0, 0, 0, 2, 0, 0, 5, 0, 0, 1, 0, 0, 6, 4 ] 
minimal polynomial:
[ x-12, x-6, x, x+6, x+12, x^2-12 ]1
[ x-15, x, x+3 ]
[ x-2, x+1 ]
[ x-18, x, x+18 ]
[ x-24, x-12, x, x+12, x+24, x^2-12 ]
[ x-36, x, x+18 ]

 SITA: 


[ [ [ 1, 0, 0, 0, 0, 0, 0 ], [ 0, 1, 0, 0, 0, 0, 0 ], [ 0, 0, 1, 0, 0, 0, 0 ], [ 0, 0, 0, 1, 0, 0, 0 ],
      [ 0, 0, 0, 0, 1, 0, 0 ], [ 0, 0, 0, 0, 0, 1, 0 ], [ 0, 0, 0, 0, 0, 0, 1 ] ],
  [ [ 0, 12, 0, 0, 0, 0, 0 ], [ 1, 0, 5, 0, 0, 0, 6 ], [ 0, 4, 0, 0, 0, 8, 0 ], [ 0, 0, 0, 0, 0, 12, 0 ],
      [ 0, 0, 0, 0, 0, 0, 12 ], [ 0, 0, 5, 1, 0, 0, 6 ], [ 0, 2, 0, 0, 6, 4, 0 ] ],
  [ [ 0, 0, 15, 0, 0, 0, 0 ], [ 0, 5, 0, 0, 0, 10, 0 ], [ 1, 0, 12, 2, 0, 0, 0 ], [ 0, 0, 15, 0, 0, 0, 0 ],
      [ 0, 0, 0, 0, 15, 0, 0 ], [ 0, 5, 0, 0, 0, 10, 0 ], [ 0, 0, 0, 0, 0, 0, 15 ] ],
  [ [ 0, 0, 0, 2, 0, 0, 0 ], [ 0, 0, 0, 0, 0, 2, 0 ], [ 0, 0, 2, 0, 0, 0, 0 ], [ 1, 0, 0, 1, 0, 0, 0 ],
      [ 0, 0, 0, 0, 2, 0, 0 ], [ 0, 1, 0, 0, 0, 1, 0 ], [ 0, 0, 0, 0, 0, 0, 2 ] ],
  [ [ 0, 0, 0, 0, 18, 0, 0 ], [ 0, 0, 0, 0, 0, 0, 18 ], [ 0, 0, 0, 0, 18, 0, 0 ], [ 0, 0, 0, 0, 18, 0, 0 ],
      [ 1, 0, 15, 2, 0, 0, 0 ], [ 0, 0, 0, 0, 0, 0, 18 ], [ 0, 6, 0, 0, 0, 12, 0 ] ],
  [ [ 0, 0, 0, 0, 0, 24, 0 ], [ 0, 0, 10, 2, 0, 0, 12 ], [ 0, 8, 0, 0, 0, 16, 0 ], [ 0, 12, 0, 0, 0, 12, 0 ],
      [ 0, 0, 0, 0, 0, 0, 24 ], [ 1, 0, 10, 1, 0, 0, 12 ], [ 0, 4, 0, 0, 12, 8, 0 ] ],
  [ [ 0, 0, 0, 0, 0, 0, 36 ], [ 0, 6, 0, 0, 18, 12, 0 ], [ 0, 0, 0, 0, 0, 0, 36 ], [ 0, 0, 0, 0, 0, 0, 36 ],
      [ 0, 12, 0, 0, 0, 24, 0 ], [ 0, 6, 0, 0, 18, 12, 0 ], [ 1, 0, 15, 2, 0, 0, 18 ] ] ]
