 degree:12
 order:140
[ 12, 12, 1, 6, 48, 60 ][ 4, 0, 6, 1, 0, 12, 6, 1, 0, 0, 0, 0, 0, 0, 8 ]
minimal polynomial:
[ x-12, x-2, x, x+6, x+8, x^2-4*x-40 ]1
[ x-12, x-6, x, x+2, x+8, x^2-4*x-40 ]
[ x-1, x+1 ]
[ x-6, x, x+2 ]
[ x-48, x, x+8 ]
[ x-60, x, x+40, x^2+8*x-160 ]

 SITA:

[ [ [ 1, 0, 0, 0, 0, 0, 0 ], [ 0, 1, 0, 0, 0, 0, 0 ], [ 0, 0, 1, 0, 0, 0, 0 ], [ 0, 0, 0, 1, 0, 0, 0 ],
      [ 0, 0, 0, 0, 1, 0, 0 ], [ 0, 0, 0, 0, 0, 1, 0 ], [ 0, 0, 0, 0, 0, 0, 1 ] ],
  [ [ 0, 12, 0, 0, 0, 0, 0 ], [ 1, 0, 4, 0, 3, 4, 0 ], [ 0, 4, 0, 1, 3, 4, 0 ], [ 0, 0, 12, 0, 0, 0, 0 ],
      [ 0, 6, 6, 0, 0, 0, 0 ], [ 0, 1, 1, 0, 0, 0, 10 ], [ 0, 0, 0, 0, 0, 8, 4 ] ],
  [ [ 0, 0, 12, 0, 0, 0, 0 ], [ 0, 4, 0, 1, 3, 4, 0 ], [ 1, 0, 4, 0, 3, 4, 0 ], [ 0, 12, 0, 0, 0, 0, 0 ],
      [ 0, 6, 6, 0, 0, 0, 0 ], [ 0, 1, 1, 0, 0, 0, 10 ], [ 0, 0, 0, 0, 0, 8, 4 ] ],
  [ [ 0, 0, 0, 1, 0, 0, 0 ], [ 0, 0, 1, 0, 0, 0, 0 ], [ 0, 1, 0, 0, 0, 0, 0 ], [ 1, 0, 0, 0, 0, 0, 0 ],
      [ 0, 0, 0, 0, 1, 0, 0 ], [ 0, 0, 0, 0, 0, 1, 0 ], [ 0, 0, 0, 0, 0, 0, 1 ] ],
  [ [ 0, 0, 0, 0, 6, 0, 0 ], [ 0, 3, 3, 0, 0, 0, 0 ], [ 0, 3, 3, 0, 0, 0, 0 ], [ 0, 0, 0, 0, 6, 0, 0 ],
      [ 1, 0, 0, 1, 4, 0, 0 ], [ 0, 0, 0, 0, 0, 6, 0 ], [ 0, 0, 0, 0, 0, 0, 6 ] ],
  [ [ 0, 0, 0, 0, 0, 48, 0 ], [ 0, 4, 4, 0, 0, 0, 40 ], [ 0, 4, 4, 0, 0, 0, 40 ], [ 0, 0, 0, 0, 0, 48, 0 ],
      [ 0, 0, 0, 0, 0, 48, 0 ], [ 1, 0, 0, 1, 6, 40, 0 ], [ 0, 8, 8, 0, 0, 0, 32 ] ],
  [ [ 0, 0, 0, 0, 0, 0, 60 ], [ 0, 0, 0, 0, 0, 40, 20 ], [ 0, 0, 0, 0, 0, 40, 20 ], [ 0, 0, 0, 0, 0, 0, 60 ],
      [ 0, 0, 0, 0, 0, 0, 60 ], [ 0, 10, 10, 0, 0, 0, 40 ], [ 1, 4, 4, 1, 6, 32, 12 ] ] ]