 degree:12
 order:128
[ 12, 3, 12, 30, 30, 40 ][ 4, 0, 4, 0, 0, 2, 0, 0, 0, 0, 4, 0, 0, 6, 6 ]
minimal polynomial:
[ x-12, x-4, x, x+4, x+12, x^2-48 ]1
[ x-3, x+1 ]
[ x-12, x-4, x, x+4, x+12, x^2-48 ]
[ x-30, x-10, x+2 ]
[ x-30, x-2, x+2, x+10 ]
[ x-40, x-8, x, x+8, x+40 ]

 SITA: 

[ [ [ 1, 0, 0, 0, 0, 0, 0 ], [ 0, 1, 0, 0, 0, 0, 0 ], [ 0, 0, 1, 0, 0, 0, 0 ], [ 0, 0, 0, 1, 0, 0, 0 ],
      [ 0, 0, 0, 0, 1, 0, 0 ], [ 0, 0, 0, 0, 0, 1, 0 ], [ 0, 0, 0, 0, 0, 0, 1 ] ],
  [ [ 0, 12, 0, 0, 0, 0, 0 ], [ 1, 0, 1, 0, 10, 0, 0 ], [ 0, 4, 0, 8, 0, 0, 0 ], [ 0, 0, 2, 0, 0, 10, 0 ],
      [ 0, 4, 0, 0, 0, 0, 8 ], [ 0, 0, 0, 4, 0, 0, 8 ], [ 0, 0, 0, 0, 6, 6, 0 ] ],
  [ [ 0, 0, 3, 0, 0, 0, 0 ], [ 0, 1, 0, 2, 0, 0, 0 ], [ 1, 0, 2, 0, 0, 0, 0 ], [ 0, 2, 0, 1, 0, 0, 0 ],
      [ 0, 0, 0, 0, 1, 2, 0 ], [ 0, 0, 0, 0, 2, 1, 0 ], [ 0, 0, 0, 0, 0, 0, 3 ] ],
  [ [ 0, 0, 0, 12, 0, 0, 0 ], [ 0, 0, 2, 0, 0, 10, 0 ], [ 0, 8, 0, 4, 0, 0, 0 ], [ 1, 0, 1, 0, 10, 0, 0 ],
      [ 0, 0, 0, 4, 0, 0, 8 ], [ 0, 4, 0, 0, 0, 0, 8 ], [ 0, 0, 0, 0, 6, 6, 0 ] ],
  [ [ 0, 0, 0, 0, 30, 0, 0 ], [ 0, 10, 0, 0, 0, 0, 20 ], [ 0, 0, 0, 0, 10, 20, 0 ], [ 0, 0, 0, 10, 0, 0, 20 ],
      [ 1, 0, 1, 0, 18, 10, 0 ], [ 0, 0, 2, 0, 10, 18, 0 ], [ 0, 6, 0, 6, 0, 0, 18 ] ],
  [ [ 0, 0, 0, 0, 0, 30, 0 ], [ 0, 0, 0, 10, 0, 0, 20 ], [ 0, 0, 0, 0, 20, 10, 0 ], [ 0, 10, 0, 0, 0, 0, 20 ],
      [ 0, 0, 2, 0, 10, 18, 0 ], [ 1, 0, 1, 0, 18, 10, 0 ], [ 0, 6, 0, 6, 0, 0, 18 ] ],
  [ [ 0, 0, 0, 0, 0, 0, 40 ], [ 0, 0, 0, 0, 20, 20, 0 ], [ 0, 0, 0, 0, 0, 0, 40 ], [ 0, 0, 0, 0, 20, 20, 0 ],
      [ 0, 8, 0, 8, 0, 0, 24 ], [ 0, 8, 0, 8, 0, 0, 24 ], [ 1, 0, 3, 0, 18, 18, 0 ] ] ]