 degree:12
 order:80
[ 12, 24, 1, 6, 12, 24 ][ 2, 0, 2, 0, 3, 0, 0, 4, 4, 0, 1, 0, 1, 2, 3 ]
minimal polynomial:
[ x-12, x-2, x+4, x^2-12, x^2+6*x-8 ]1
[ x-24, x-8, x, x+16 ]
[ x-1, x+1 ]
[ x-6, x, x+2 ]
[ x-12, x-2, x+4, x^2-12, x^2+6*x-8 ]
[ x-24, x-4, x, x+8, x^2-12*x-32 ]

 SITA: 

[ [ [ 1, 0, 0, 0, 0, 0, 0 ], [ 0, 1, 0, 0, 0, 0, 0 ], [ 0, 0, 1, 0, 0, 0, 0 ], [ 0, 0, 0, 1, 0, 0, 0 ],[ 0, 0, 0, 0, 1, 0, 0 ], [ 0, 0, 0, 0, 0, 1, 0 ], [ 0, 0, 0, 0, 0, 0, 1 ] ],
  [ [ 0, 12, 0, 0, 0, 0, 0 ], [ 1, 0, 4, 0, 1, 0, 6 ], [ 0, 2, 4, 0, 0, 2, 4 ], [ 0, 0, 0, 0, 0, 12, 0 ],[ 0, 2, 0, 0, 0, 2, 8 ], [ 0, 0, 4, 1, 1, 0, 6 ], [ 0, 3, 4, 0, 2, 3, 0 ] ],
  [ [ 0, 0, 24, 0, 0, 0, 0 ], [ 0, 4, 8, 0, 0, 4, 8 ], [ 1, 4, 0, 1, 6, 4, 8 ], [ 0, 0, 24, 0, 0, 0, 0 ],[ 0, 0, 24, 0, 0, 0, 0 ], [ 0, 4, 8, 0, 0, 4, 8 ], [ 0, 4, 8, 0, 0, 4, 8 ] ],
  [ [ 0, 0, 0, 1, 0, 0, 0 ], [ 0, 0, 0, 0, 0, 1, 0 ], [ 0, 0, 1, 0, 0, 0, 0 ], [ 1, 0, 0, 0, 0, 0, 0 ],[ 0, 0, 0, 0, 1, 0, 0 ], [ 0, 1, 0, 0, 0, 0, 0 ], [ 0, 0, 0, 0, 0, 0, 1 ] ],
  [ [ 0, 0, 0, 0, 6, 0, 0 ], [ 0, 1, 0, 0, 0, 1, 4 ], [ 0, 0, 6, 0, 0, 0, 0 ], [ 0, 0, 0, 0, 6, 0, 0 ],[ 1, 0, 0, 1, 4, 0, 0 ], [ 0, 1, 0, 0, 0, 1, 4 ], [ 0, 2, 0, 0, 0, 2, 2 ] ],
  [ [ 0, 0, 0, 0, 0, 12, 0 ], [ 0, 0, 4, 1, 1, 0, 6 ], [ 0, 2, 4, 0, 0, 2, 4 ], [ 0, 12, 0, 0, 0, 0, 0 ],[ 0, 2, 0, 0, 0, 2, 8 ], [ 1, 0, 4, 0, 1, 0, 6 ], [ 0, 3, 4, 0, 2, 3, 0 ] ],
  [ [ 0, 0, 0, 0, 0, 0, 24 ], [ 0, 6, 8, 0, 4, 6, 0 ], [ 0, 4, 8, 0, 0, 4, 8 ], [ 0, 0, 0, 0, 0, 0, 24 ],[ 0, 8, 0, 0, 0, 8, 8 ], [ 0, 6, 8, 0, 4, 6, 0 ], [ 1, 0, 8, 1, 2, 0, 12 ] ] ]