 degree:12
 order:128
[ 12, 12, 1, 12, 18, 72 ][ 8, 0, 0, 2, 0, 12, 0, 2, 0, 0, 0, 0, 0, 2, 2 ]
minimal polynomial:
[ x-12, x, x+4, x^2-8*x-16, x^2+8*x-12 ]1
[ x-12, x, x+4, x^2-8*x-16, x^2-8*x-12 ]
[ x-1, x+1 ]
[ x-12, x-4, x, x+4 ]
[ x-18, x-2, x, x+6 ]
[ x-72, x, x+24, x^2+16*x-64 ]

 SITA: 

[ [ [ 1, 0, 0, 0, 0, 0, 0 ], [ 0, 1, 0, 0, 0, 0, 0 ], [ 0, 0, 1, 0, 0, 0, 0 ], [ 0, 0, 0, 1, 0, 0, 0 ],
      [ 0, 0, 0, 0, 1, 0, 0 ], [ 0, 0, 0, 0, 0, 1, 0 ], [ 0, 0, 0, 0, 0, 0, 1 ] ],
  [ [ 0, 12, 0, 0, 0, 0, 0 ], [ 1, 0, 8, 0, 0, 3, 0 ], [ 0, 8, 0, 1, 0, 3, 0 ], [ 0, 0, 12, 0, 0, 0, 0 ],
      [ 0, 0, 0, 0, 0, 0, 12 ], [ 0, 2, 2, 0, 0, 0, 8 ], [ 0, 0, 0, 0, 2, 2, 8 ] ],
  [ [ 0, 0, 12, 0, 0, 0, 0 ], [ 0, 8, 0, 1, 0, 3, 0 ], [ 1, 0, 8, 0, 0, 3, 0 ], [ 0, 12, 0, 0, 0, 0, 0 ],
      [ 0, 0, 0, 0, 0, 0, 12 ], [ 0, 2, 2, 0, 0, 0, 8 ], [ 0, 0, 0, 0, 2, 2, 8 ] ],
  [ [ 0, 0, 0, 1, 0, 0, 0 ], [ 0, 0, 1, 0, 0, 0, 0 ], [ 0, 1, 0, 0, 0, 0, 0 ], [ 1, 0, 0, 0, 0, 0, 0 ],
      [ 0, 0, 0, 0, 1, 0, 0 ], [ 0, 0, 0, 0, 0, 1, 0 ], [ 0, 0, 0, 0, 0, 0, 1 ] ],
  [ [ 0, 0, 0, 0, 12, 0, 0 ], [ 0, 0, 0, 0, 0, 0, 12 ], [ 0, 0, 0, 0, 0, 0, 12 ], [ 0, 0, 0, 0, 12, 0, 0 ],
      [ 1, 0, 0, 1, 4, 6, 0 ], [ 0, 0, 0, 0, 4, 8, 0 ], [ 0, 2, 2, 0, 0, 0, 8 ] ],
  [ [ 0, 0, 0, 0, 0, 18, 0 ], [ 0, 3, 3, 0, 0, 0, 12 ], [ 0, 3, 3, 0, 0, 0, 12 ], [ 0, 0, 0, 0, 0, 18, 0 ],
      [ 0, 0, 0, 0, 6, 12, 0 ], [ 1, 0, 0, 1, 8, 8, 0 ], [ 0, 2, 2, 0, 0, 0, 14 ] ],
  [ [ 0, 0, 0, 0, 0, 0, 72 ], [ 0, 0, 0, 0, 12, 12, 48 ], [ 0, 0, 0, 0, 12, 12, 48 ], [ 0, 0, 0, 0, 0, 0, 72 ],
      [ 0, 12, 12, 0, 0, 0, 48 ], [ 0, 8, 8, 0, 0, 0, 56 ], [ 1, 8, 8, 1, 8, 14, 32 ] ] ]