 degree:12
 order:72
[ 12, 20, 3, 12, 12, 12 ][ 3, 4, 0, 0, 5, 0, 10, 5, 0, 0, 2, 0, 0, 2, 5 ]

minimal polynomial:
[ x-12, x, x+12, x^2-24, x^2-8 ]1
[ x-20, x-2, x, x+10 ]
[ x-3, x+1 ]
[ x-12, x, x+12, x^2-96 ]
[ x-12, x, x+12, x^2-24, x^2-8 ]
[ x-12, x-6, x, x+6 ]

 SITA:

[ [ [ 1, 0, 0, 0, 0, 0, 0 ], [ 0, 1, 0, 0, 0, 0, 0 ], [ 0, 0, 1, 0, 0, 0, 0 ], [ 0, 0, 0, 1, 0, 0, 0 ],[ 0, 0, 0, 0, 1, 0, 0 ], [ 0, 0, 0, 0, 0, 1, 0 ], [ 0, 0, 0, 0, 0, 0, 1 ] ],
  [ [ 0, 12, 0, 0, 0, 0, 0 ], [ 1, 0, 5, 1, 0, 0, 5 ], [ 0, 3, 0, 0, 6, 3, 0 ], [ 0, 4, 0, 0, 0, 8, 0 ],[ 0, 0, 10, 0, 0, 0, 2 ], [ 0, 0, 5, 2, 0, 0, 5 ], [ 0, 5, 0, 0, 2, 5, 0 ] ],
  [ [ 0, 0, 20, 0, 0, 0, 0 ], [ 0, 5, 0, 0, 10, 5, 0 ], [ 1, 0, 7, 3, 0, 0, 9 ], [ 0, 0, 20, 0, 0, 0, 0 ],[ 0, 10, 0, 0, 0, 10, 0 ], [ 0, 5, 0, 0, 10, 5, 0 ], [ 0, 0, 15, 0, 0, 0, 5 ] ],
  [ [ 0, 0, 0, 3, 0, 0, 0 ], [ 0, 1, 0, 0, 0, 2, 0 ], [ 0, 0, 3, 0, 0, 0, 0 ], [ 1, 0, 0, 2, 0, 0, 0 ],[ 0, 0, 0, 0, 3, 0, 0 ], [ 0, 2, 0, 0, 0, 1, 0 ], [ 0, 0, 0, 0, 0, 0, 3 ] ],
  [ [ 0, 0, 0, 0, 12, 0, 0 ], [ 0, 0, 10, 0, 0, 0, 2 ], [ 0, 6, 0, 0, 0, 6, 0 ], [ 0, 0, 0, 0, 12, 0, 0 ],[ 1, 0, 0, 3, 0, 0, 8 ], [ 0, 0, 10, 0, 0, 0, 2 ], [ 0, 2, 0, 0, 8, 2, 0 ] ],
  [ [ 0, 0, 0, 0, 0, 12, 0 ], [ 0, 0, 5, 2, 0, 0, 5 ], [ 0, 3, 0, 0, 6, 3, 0 ], [ 0, 8, 0, 0, 0, 4, 0 ],[ 0, 0, 10, 0, 0, 0, 2 ], [ 1, 0, 5, 1, 0, 0, 5 ], [ 0, 5, 0, 0, 2, 5, 0 ] ],
  [ [ 0, 0, 0, 0, 0, 0, 12 ], [ 0, 5, 0, 0, 2, 5, 0 ], [ 0, 0, 9, 0, 0, 0, 3 ], [ 0, 0, 0, 0, 0, 0, 12 ],[ 0, 2, 0, 0, 8, 2, 0 ], [ 0, 5, 0, 0, 2, 5, 0 ], [ 1, 0, 5, 3, 0, 0, 3 ] ] ]