 degree:12
 order:128
[ 12, 3, 12, 20, 40, 40 ][ 4, 0, 0, 3, 0, 2, 0, 0, 0, 0, 3, 0, 0, 6, 6 ]
minimal polynomial:
[ x-12, x, x+12, x^2-48, x^2-8 ]1
[ x-3, x+1 ]
[ x-12, x, x+12, x^2-48, x^2-8 ]
[ x-20, x-4, x, x+12 ]
[ x-40, x-8, x, x+8 ]
[ x-40, x, x+40, x^2-192 ]

 SITA: 

[ [ [ 1, 0, 0, 0, 0, 0, 0 ], [ 0, 1, 0, 0, 0, 0, 0 ], [ 0, 0, 1, 0, 0, 0, 0 ], [ 0, 0, 0, 1, 0, 0, 0 ],
      [ 0, 0, 0, 0, 1, 0, 0 ], [ 0, 0, 0, 0, 0, 1, 0 ], [ 0, 0, 0, 0, 0, 0, 1 ] ],
  [ [ 0, 12, 0, 0, 0, 0, 0 ], [ 1, 0, 1, 0, 0, 10, 0 ], [ 0, 4, 0, 8, 0, 0, 0 ], [ 0, 0, 2, 0, 0, 10, 0 ],
      [ 0, 0, 0, 0, 0, 0, 12 ], [ 0, 3, 0, 3, 0, 0, 6 ], [ 0, 0, 0, 0, 6, 6, 0 ] ],
  [ [ 0, 0, 3, 0, 0, 0, 0 ], [ 0, 1, 0, 2, 0, 0, 0 ], [ 1, 0, 2, 0, 0, 0, 0 ], [ 0, 2, 0, 1, 0, 0, 0 ],
      [ 0, 0, 0, 0, 3, 0, 0 ], [ 0, 0, 0, 0, 0, 3, 0 ], [ 0, 0, 0, 0, 0, 0, 3 ] ],
  [ [ 0, 0, 0, 12, 0, 0, 0 ], [ 0, 0, 2, 0, 0, 10, 0 ], [ 0, 8, 0, 4, 0, 0, 0 ], [ 1, 0, 1, 0, 0, 10, 0 ],
      [ 0, 0, 0, 0, 0, 0, 12 ], [ 0, 3, 0, 3, 0, 0, 6 ], [ 0, 0, 0, 0, 6, 6, 0 ] ],
  [ [ 0, 0, 0, 0, 20, 0, 0 ], [ 0, 0, 0, 0, 0, 0, 20 ], [ 0, 0, 0, 0, 20, 0, 0 ], [ 0, 0, 0, 0, 0, 0, 20 ],
      [ 1, 0, 3, 0, 0, 16, 0 ], [ 0, 0, 0, 0, 8, 12, 0 ], [ 0, 6, 0, 6, 0, 0, 8 ] ],
  [ [ 0, 0, 0, 0, 0, 40, 0 ], [ 0, 10, 0, 10, 0, 0, 20 ], [ 0, 0, 0, 0, 0, 40, 0 ], [ 0, 10, 0, 10, 0, 0, 20 ],
      [ 0, 0, 0, 0, 16, 24, 0 ], [ 1, 0, 3, 0, 12, 24, 0 ], [ 0, 6, 0, 6, 0, 0, 28 ] ],
  [ [ 0, 0, 0, 0, 0, 0, 40 ], [ 0, 0, 0, 0, 20, 20, 0 ], [ 0, 0, 0, 0, 0, 0, 40 ], [ 0, 0, 0, 0, 20, 20, 0 ],
      [ 0, 12, 0, 12, 0, 0, 16 ], [ 0, 6, 0, 6, 0, 0, 28 ], [ 1, 0, 3, 0, 8, 28, 0 ] ] ]