 degree:12
 order:135
[ 12, 27, 2, 18, 36, 36 ][ 4, 12, 0, 0, 0, 0, 0, 6, 0, 0, 0, 0, 0, 6, 6 ] 
minimal polynomial:
[ x-12, x, x+12, x^2-72, x^2-12 ]1
[ x-27, x-9, x, x+6 ]
[ x-2, x+1 ]
[ x-18, x, x+18, x^2-72, x^2-27 ]
[ x-36, x, x+36, x^2-75 ]
[ x-36, x-3, x, x+12 ]

 SITA:

[ [ [ 1, 0, 0, 0, 0, 0, 0 ], [ 0, 1, 0, 0, 0, 0, 0 ], [ 0, 0, 1, 0, 0, 0, 0 ], [ 0, 0, 0, 1, 0, 0, 0 ],[ 0, 0, 0, 0, 1, 0, 0 ], [ 0, 0, 0, 0, 0, 1, 0 ], [ 0, 0, 0, 0, 0, 0, 1 ] ],
  [ [ 0, 12, 0, 0, 0, 0, 0 ], [ 1, 0, 9, 2, 0, 0, 0 ], [ 0, 4, 0, 0, 0, 8, 0 ], [ 0, 12, 0, 0, 0, 0, 0 ],[ 0, 0, 0, 0, 0, 0, 12 ], [ 0, 0, 6, 0, 0, 0, 6 ], [ 0, 0, 0, 0, 6, 6, 0 ] ],
  [ [ 0, 0, 27, 0, 0, 0, 0 ], [ 0, 9, 0, 0, 0, 18, 0 ], [ 1, 0, 12, 2, 0, 0, 12 ], [ 0, 0, 27, 0, 0, 0, 0 ],[ 0, 0, 0, 0, 9, 18, 0 ], [ 0, 6, 0, 0, 9, 12, 0 ], [ 0, 0, 9, 0, 0, 0, 18 ] ],
  [ [ 0, 0, 0, 2, 0, 0, 0 ], [ 0, 2, 0, 0, 0, 0, 0 ], [ 0, 0, 2, 0, 0, 0, 0 ], [ 1, 0, 0, 1, 0, 0, 0 ],[ 0, 0, 0, 0, 2, 0, 0 ], [ 0, 0, 0, 0, 0, 2, 0 ], [ 0, 0, 0, 0, 0, 0, 2 ] ],
  [ [ 0, 0, 0, 0, 18, 0, 0 ], [ 0, 0, 0, 0, 0, 0, 18 ], [ 0, 0, 0, 0, 6, 12, 0 ], [ 0, 0, 0, 0, 18, 0, 0 ],[ 1, 0, 9, 2, 0, 0, 6 ], [ 0, 0, 9, 0, 0, 0, 9 ], [ 0, 6, 0, 0, 3, 9, 0 ] ],
  [ [ 0, 0, 0, 0, 0, 36, 0 ], [ 0, 0, 18, 0, 0, 0, 18 ], [ 0, 8, 0, 0, 12, 16, 0 ], [ 0, 0, 0, 0, 0, 36, 0 ],[ 0, 0, 18, 0, 0, 0, 18 ], [ 1, 0, 12, 2, 0, 0, 21 ], [ 0, 6, 0, 0, 9, 21, 0 ] ],
  [ [ 0, 0, 0, 0, 0, 0, 36 ], [ 0, 0, 0, 0, 18, 18, 0 ], [ 0, 0, 12, 0, 0, 0, 24 ], [ 0, 0, 0, 0, 0, 0, 36 ],[ 0, 12, 0, 0, 6, 18, 0 ], [ 0, 6, 0, 0, 9, 21, 0 ], [ 1, 0, 18, 2, 0, 0, 15 ] ] ]