 degree:12
 order:56
[ 12, 12, 1, 2, 4, 24 ][ 8, 0, 0, 3, 1, 12, 0, 3, 1, 0, 0, 0, 0, 1, 1 ]
minimal polynomial:
[ x-12, x, x+2, x^2-6*x-12, x^2+8*x-12 ]1
[ x-12, x, x+2, x^2-8*x-12, x^2-6*x-12 ]
[ x-1, x+1 ]
[ x-2, x, x+2 ]
[ x-4, x, x+4 ]
[ x-24, x, x+4, x^2+12*x-48 ]

 SITA:


[ [ [ 1, 0, 0, 0, 0, 0, 0 ], [ 0, 1, 0, 0, 0, 0, 0 ], [ 0, 0, 1, 0, 0, 0, 0 ], [ 0, 0, 0, 1, 0, 0, 0 ],
      [ 0, 0, 0, 0, 1, 0, 0 ], [ 0, 0, 0, 0, 0, 1, 0 ], [ 0, 0, 0, 0, 0, 0, 1 ] ],
  [ [ 0, 12, 0, 0, 0, 0, 0 ], [ 1, 0, 8, 0, 0, 1, 2 ], [ 0, 8, 0, 1, 0, 1, 2 ], [ 0, 0, 12, 0, 0, 0, 0 ],
      [ 0, 0, 0, 0, 0, 0, 12 ], [ 0, 3, 3, 0, 0, 0, 6 ], [ 0, 1, 1, 0, 1, 1, 8 ] ],
  [ [ 0, 0, 12, 0, 0, 0, 0 ], [ 0, 8, 0, 1, 0, 1, 2 ], [ 1, 0, 8, 0, 0, 1, 2 ], [ 0, 12, 0, 0, 0, 0, 0 ],
      [ 0, 0, 0, 0, 0, 0, 12 ], [ 0, 3, 3, 0, 0, 0, 6 ], [ 0, 1, 1, 0, 1, 1, 8 ] ],
  [ [ 0, 0, 0, 1, 0, 0, 0 ], [ 0, 0, 1, 0, 0, 0, 0 ], [ 0, 1, 0, 0, 0, 0, 0 ], [ 1, 0, 0, 0, 0, 0, 0 ],
      [ 0, 0, 0, 0, 1, 0, 0 ], [ 0, 0, 0, 0, 0, 1, 0 ], [ 0, 0, 0, 0, 0, 0, 1 ] ],
  [ [ 0, 0, 0, 0, 2, 0, 0 ], [ 0, 0, 0, 0, 0, 0, 2 ], [ 0, 0, 0, 0, 0, 0, 2 ], [ 0, 0, 0, 0, 2, 0, 0 ],
      [ 1, 0, 0, 1, 0, 0, 0 ], [ 0, 0, 0, 0, 0, 2, 0 ], [ 0, 1, 1, 0, 0, 0, 0 ] ],
  [ [ 0, 0, 0, 0, 0, 4, 0 ], [ 0, 1, 1, 0, 0, 0, 2 ], [ 0, 1, 1, 0, 0, 0, 2 ], [ 0, 0, 0, 0, 0, 4, 0 ],
      [ 0, 0, 0, 0, 0, 4, 0 ], [ 1, 0, 0, 1, 2, 0, 0 ], [ 0, 1, 1, 0, 0, 0, 2 ] ],
  [ [ 0, 0, 0, 0, 0, 0, 24 ], [ 0, 2, 2, 0, 2, 2, 16 ], [ 0, 2, 2, 0, 2, 2, 16 ], [ 0, 0, 0, 0, 0, 0, 24 ],
      [ 0, 12, 12, 0, 0, 0, 0 ], [ 0, 6, 6, 0, 0, 0, 12 ], [ 1, 8, 8, 1, 0, 2, 4 ] ] ]