 degree:12
 order:56
[ 12, 12, 3, 4, 12, 12 ][ 6, 4, 0, 0, 4, 0, 6, 4, 0, 0, 2, 0, 0, 2, 6 ]
minimal polynomial:
[ x-12, x-2, x, x+2, x+12, x^2-12 ]1
[ x-12, x-2, x+2, x+4 ]
[ x-3, x+1 ]
[ x-4, x, x+4 ]
[ x-12, x-2, x, x+2, x+12, x^2-12 ]
[ x-12, x-4, x+2 ]

 SITA:

[ [ [ 1, 0, 0, 0, 0, 0, 0 ], [ 0, 1, 0, 0, 0, 0, 0 ], [ 0, 0, 1, 0, 0, 0, 0 ], [ 0, 0, 0, 1, 0, 0, 0 ],
      [ 0, 0, 0, 0, 1, 0, 0 ], [ 0, 0, 0, 0, 0, 1, 0 ], [ 0, 0, 0, 0, 0, 0, 1 ] ],
  [ [ 0, 12, 0, 0, 0, 0, 0 ], [ 1, 0, 6, 1, 0, 0, 4 ], [ 0, 6, 0, 0, 2, 4, 0 ], [ 0, 4, 0, 0, 0, 8, 0 ],
      [ 0, 0, 6, 0, 0, 0, 6 ], [ 0, 0, 4, 2, 0, 0, 6 ], [ 0, 4, 0, 0, 2, 6, 0 ] ],
  [ [ 0, 0, 12, 0, 0, 0, 0 ], [ 0, 6, 0, 0, 2, 4, 0 ], [ 1, 0, 4, 1, 0, 0, 6 ], [ 0, 0, 4, 0, 0, 0, 8 ],
      [ 0, 6, 0, 0, 0, 6, 0 ], [ 0, 4, 0, 0, 2, 6, 0 ], [ 0, 0, 6, 2, 0, 0, 4 ] ],
  [ [ 0, 0, 0, 3, 0, 0, 0 ], [ 0, 1, 0, 0, 0, 2, 0 ], [ 0, 0, 1, 0, 0, 0, 2 ], [ 1, 0, 0, 2, 0, 0, 0 ],
      [ 0, 0, 0, 0, 3, 0, 0 ], [ 0, 2, 0, 0, 0, 1, 0 ], [ 0, 0, 2, 0, 0, 0, 1 ] ],
  [ [ 0, 0, 0, 0, 4, 0, 0 ], [ 0, 0, 2, 0, 0, 0, 2 ], [ 0, 2, 0, 0, 0, 2, 0 ], [ 0, 0, 0, 0, 4, 0, 0 ],
      [ 1, 0, 0, 3, 0, 0, 0 ], [ 0, 0, 2, 0, 0, 0, 2 ], [ 0, 2, 0, 0, 0, 2, 0 ] ],
  [ [ 0, 0, 0, 0, 0, 12, 0 ], [ 0, 0, 4, 2, 0, 0, 6 ], [ 0, 4, 0, 0, 2, 6, 0 ], [ 0, 8, 0, 0, 0, 4, 0 ],
      [ 0, 0, 6, 0, 0, 0, 6 ], [ 1, 0, 6, 1, 0, 0, 4 ], [ 0, 6, 0, 0, 2, 4, 0 ] ],
  [ [ 0, 0, 0, 0, 0, 0, 12 ], [ 0, 4, 0, 0, 2, 6, 0 ], [ 0, 0, 6, 2, 0, 0, 4 ], [ 0, 0, 8, 0, 0, 0, 4 ],
      [ 0, 6, 0, 0, 0, 6, 0 ], [ 0, 6, 0, 0, 2, 4, 0 ], [ 1, 0, 4, 1, 0, 0, 6 ] ] ]