 degree:12
 order:64
[ 12, 12, 3, 4, 8, 24 ][ 2, 12, 0, 0, 3, 0, 12, 0, 3, 0, 0, 0, 0, 0, 4 ]
minimal polynomial:
[ x-12, x-6, x, x+4, x+8, x^2+4*x-48 ]1
[ x-12, x-8, x, x+4, x+6, x^2+4*x-48 ]
[ x-3, x+1 ]
[ x-4, x, x+4 ]
[ x-8, x, x+8 ]
[ x-24, x, x+8, x^2-8*x-192 ]

 SITA:

[ [ [ 1, 0, 0, 0, 0, 0, 0 ], [ 0, 1, 0, 0, 0, 0, 0 ], [ 0, 0, 1, 0, 0, 0, 0 ], [ 0, 0, 0, 1, 0, 0, 0 ],
      [ 0, 0, 0, 0, 1, 0, 0 ], [ 0, 0, 0, 0, 0, 1, 0 ], [ 0, 0, 0, 0, 0, 0, 1 ] ],
  [ [ 0, 12, 0, 0, 0, 0, 0 ], [ 1, 0, 2, 3, 0, 0, 6 ], [ 0, 2, 0, 0, 4, 0, 6 ], [ 0, 12, 0, 0, 0, 0, 0 ],
      [ 0, 0, 12, 0, 0, 0, 0 ], [ 0, 0, 0, 0, 0, 0, 12 ], [ 0, 3, 3, 0, 0, 4, 2 ] ],
  [ [ 0, 0, 12, 0, 0, 0, 0 ], [ 0, 2, 0, 0, 4, 0, 6 ], [ 1, 0, 2, 3, 0, 0, 6 ], [ 0, 0, 12, 0, 0, 0, 0 ],
      [ 0, 12, 0, 0, 0, 0, 0 ], [ 0, 0, 0, 0, 0, 0, 12 ], [ 0, 3, 3, 0, 0, 4, 2 ] ],
  [ [ 0, 0, 0, 3, 0, 0, 0 ], [ 0, 3, 0, 0, 0, 0, 0 ], [ 0, 0, 3, 0, 0, 0, 0 ], [ 1, 0, 0, 2, 0, 0, 0 ],
      [ 0, 0, 0, 0, 3, 0, 0 ], [ 0, 0, 0, 0, 0, 3, 0 ], [ 0, 0, 0, 0, 0, 0, 3 ] ],
  [ [ 0, 0, 0, 0, 4, 0, 0 ], [ 0, 0, 4, 0, 0, 0, 0 ], [ 0, 4, 0, 0, 0, 0, 0 ], [ 0, 0, 0, 0, 4, 0, 0 ],
      [ 1, 0, 0, 3, 0, 0, 0 ], [ 0, 0, 0, 0, 0, 4, 0 ], [ 0, 0, 0, 0, 0, 0, 4 ] ],
  [ [ 0, 0, 0, 0, 0, 8, 0 ], [ 0, 0, 0, 0, 0, 0, 8 ], [ 0, 0, 0, 0, 0, 0, 8 ], [ 0, 0, 0, 0, 0, 8, 0 ],
      [ 0, 0, 0, 0, 0, 8, 0 ], [ 1, 0, 0, 3, 4, 0, 0 ], [ 0, 4, 4, 0, 0, 0, 0 ] ],
  [ [ 0, 0, 0, 0, 0, 0, 24 ], [ 0, 6, 6, 0, 0, 8, 4 ], [ 0, 6, 6, 0, 0, 8, 4 ], [ 0, 0, 0, 0, 0, 0, 24 ],
      [ 0, 0, 0, 0, 0, 0, 24 ], [ 0, 12, 12, 0, 0, 0, 0 ], [ 1, 2, 2, 3, 4, 0, 12 ] ] ]