 degree:12
 order:42
 [ 12, 12, 2, 3, 6, 6 ][ 7, 6, 0, 6, 0, 0, 8, 0, 6, 0, 0, 2, 2, 0, 4 ]
minimal polynomial:
[ x-12, x-2, x, x+2, x+12, x^2-7 ]1
[ x-12, x-1, x+2, x+6 ]
[ x-2, x+1 ]
[ x-3, x, x+3 ]
[ x-6, x+1 ]
[ x-6, x-1, x, x+1, x+6, x^2-7 ]


 SITA:

[ [ [ 1, 0, 0, 0, 0, 0, 0 ], [ 0, 1, 0, 0, 0, 0, 0 ], [ 0, 0, 1, 0, 0, 0, 0 ], [ 0, 0, 0, 1, 0, 0, 0 ],
      [ 0, 0, 0, 0, 1, 0, 0 ], [ 0, 0, 0, 0, 0, 1, 0 ], [ 0, 0, 0, 0, 0, 0, 1 ] ],
  [ [ 0, 12, 0, 0, 0, 0, 0 ], [ 1, 0, 7, 1, 0, 3, 0 ], [ 0, 7, 0, 0, 2, 0, 3 ], [ 0, 6, 0, 0, 0, 0, 6 ],
      [ 0, 0, 8, 0, 0, 4, 0 ], [ 0, 6, 0, 0, 2, 0, 4 ], [ 0, 0, 6, 2, 0, 4, 0 ] ],
  [ [ 0, 0, 12, 0, 0, 0, 0 ], [ 0, 7, 0, 0, 2, 0, 3 ], [ 1, 0, 5, 1, 0, 5, 0 ], [ 0, 0, 6, 0, 0, 6, 0 ],
      [ 0, 8, 0, 0, 0, 0, 4 ], [ 0, 0, 10, 2, 0, 0, 0 ], [ 0, 6, 0, 0, 2, 0, 4 ] ],
  [ [ 0, 0, 0, 2, 0, 0, 0 ], [ 0, 1, 0, 0, 0, 0, 1 ], [ 0, 0, 1, 0, 0, 1, 0 ], [ 1, 0, 0, 1, 0, 0, 0 ],
      [ 0, 0, 0, 0, 2, 0, 0 ], [ 0, 0, 2, 0, 0, 0, 0 ], [ 0, 2, 0, 0, 0, 0, 0 ] ],
  [ [ 0, 0, 0, 0, 3, 0, 0 ], [ 0, 0, 2, 0, 0, 1, 0 ], [ 0, 2, 0, 0, 0, 0, 1 ], [ 0, 0, 0, 0, 3, 0, 0 ],
      [ 1, 0, 0, 2, 0, 0, 0 ], [ 0, 2, 0, 0, 0, 0, 1 ], [ 0, 0, 2, 0, 0, 1, 0 ] ],
  [ [ 0, 0, 0, 0, 0, 6, 0 ], [ 0, 3, 0, 0, 1, 0, 2 ], [ 0, 0, 5, 1, 0, 0, 0 ], [ 0, 0, 6, 0, 0, 0, 0 ],
      [ 0, 4, 0, 0, 0, 0, 2 ], [ 1, 0, 0, 0, 0, 5, 0 ], [ 0, 4, 0, 0, 1, 0, 1 ] ],
  [ [ 0, 0, 0, 0, 0, 0, 6 ], [ 0, 0, 3, 1, 0, 2, 0 ], [ 0, 3, 0, 0, 1, 0, 2 ], [ 0, 6, 0, 0, 0, 0, 0 ],
      [ 0, 0, 4, 0, 0, 2, 0 ], [ 0, 4, 0, 0, 1, 0, 1 ], [ 1, 0, 4, 0, 0, 1, 0 ] ] ]
