 degree:12
 order:40
[ 12, 6, 1, 2, 6, 12 ][ 8, 12, 0, 0, 0, 0, 4, 0, 0, 0, 0, 2, 4 ]

minimal polynomial:[ x-12, x-4, x-2, x, x+2, x+4, x+12 ]
x^4-4*x^3-20*x^2+48*x
x^2-1
x^3-4*x
x^7-56*x^5+784*x^3-2304*x
x^4-10*x^3-32*x^2+96*x

 SITA:
[ [ [ 1, 0, 0, 0, 0, 0, 0 ], [ 0, 1, 0, 0, 0, 0, 0 ], [ 0, 0, 1, 0, 0, 0, 0 ],
      [ 0, 0, 0, 1, 0, 0, 0 ], [ 0, 0, 0, 0, 1, 0, 0 ], 
      [ 0, 0, 0, 0, 0, 1, 0 ], [ 0, 0, 0, 0, 0, 0, 1 ] ], 
  [ [ 0, 12, 0, 0, 0, 0, 0 ], [ 1, 0, 4, 1, 0, 0, 6 ], 
      [ 0, 8, 0, 0, 0, 4, 0 ], [ 0, 12, 0, 0, 0, 0, 0 ], 
      [ 0, 0, 0, 0, 0, 0, 12 ], [ 0, 0, 4, 0, 0, 0, 8 ], 
      [ 0, 6, 0, 0, 2, 4, 0 ] ], 
  [ [ 0, 0, 6, 0, 0, 0, 0 ], [ 0, 4, 0, 0, 0, 2, 0 ], [ 1, 0, 0, 1, 0, 0, 4 ],
      [ 0, 0, 6, 0, 0, 0, 0 ], [ 0, 0, 0, 0, 0, 6, 0 ], 
      [ 0, 4, 0, 0, 2, 0, 0 ], [ 0, 0, 2, 0, 0, 0, 4 ] ], 
  [ [ 0, 0, 0, 1, 0, 0, 0 ], [ 0, 1, 0, 0, 0, 0, 0 ], [ 0, 0, 1, 0, 0, 0, 0 ],
      [ 1, 0, 0, 0, 0, 0, 0 ], [ 0, 0, 0, 0, 1, 0, 0 ], 
      [ 0, 0, 0, 0, 0, 1, 0 ], [ 0, 0, 0, 0, 0, 0, 1 ] ], 
  [ [ 0, 0, 0, 0, 2, 0, 0 ], [ 0, 0, 0, 0, 0, 0, 2 ], [ 0, 0, 0, 0, 0, 2, 0 ],
      [ 0, 0, 0, 0, 2, 0, 0 ], [ 1, 0, 0, 1, 0, 0, 0 ], 
      [ 0, 0, 2, 0, 0, 0, 0 ], [ 0, 2, 0, 0, 0, 0, 0 ] ], 
  [ [ 0, 0, 0, 0, 0, 6, 0 ], [ 0, 0, 2, 0, 0, 0, 4 ], [ 0, 4, 0, 0, 2, 0, 0 ],
      [ 0, 0, 0, 0, 0, 6, 0 ], [ 0, 0, 6, 0, 0, 0, 0 ], 
      [ 1, 0, 0, 1, 0, 0, 4 ], [ 0, 4, 0, 0, 0, 2, 0 ] ], 
  [ [ 0, 0, 0, 0, 0, 0, 12 ], [ 0, 6, 0, 0, 2, 4, 0 ], 
      [ 0, 0, 4, 0, 0, 0, 8 ], [ 0, 0, 0, 0, 0, 0, 12 ], 
      [ 0, 12, 0, 0, 0, 0, 0 ], [ 0, 8, 0, 0, 0, 4, 0 ], 
      [ 1, 0, 4, 1, 0, 0, 6 ] ] ]

