 degree:12
 order:144
[ 12, 3, 8, 12, 48, 60 ][ 4, 0, 0, 0, 2, 0, 2, 0, 0, 0, 2, 0, 0, 2, 8 ]
minimal polynomial:
[ x-12, x, x+12, x^2-24, x^2-8 ]1
[ x-3, x+1 ]
[ x-8, x, x+4 ]
[ x-12, x, x+12, x^2-24, x^2-8 ]
[ x-48, x, x+48, x^2-96 ]
[ x-60, x, x+12 ]

 SITA:


[ [ [ 1, 0, 0, 0, 0, 0, 0 ], [ 0, 1, 0, 0, 0, 0, 0 ], [ 0, 0, 1, 0, 0, 0, 0 ], [ 0, 0, 0, 1, 0, 0, 0 ],
      [ 0, 0, 0, 0, 1, 0, 0 ], [ 0, 0, 0, 0, 0, 1, 0 ], [ 0, 0, 0, 0, 0, 0, 1 ] ],
  [ [ 0, 12, 0, 0, 0, 0, 0 ], [ 1, 0, 1, 0, 0, 0, 10 ], [ 0, 4, 0, 0, 8, 0, 0 ], [ 0, 0, 0, 0, 0, 12, 0 ],
      [ 0, 0, 2, 0, 0, 0, 10 ], [ 0, 0, 0, 2, 0, 0, 10 ], [ 0, 2, 0, 0, 2, 8, 0 ] ],
  [ [ 0, 0, 3, 0, 0, 0, 0 ], [ 0, 1, 0, 0, 2, 0, 0 ], [ 1, 0, 2, 0, 0, 0, 0 ], [ 0, 0, 0, 3, 0, 0, 0 ],
      [ 0, 2, 0, 0, 1, 0, 0 ], [ 0, 0, 0, 0, 0, 3, 0 ], [ 0, 0, 0, 0, 0, 0, 3 ] ],
  [ [ 0, 0, 0, 8, 0, 0, 0 ], [ 0, 0, 0, 0, 0, 8, 0 ], [ 0, 0, 0, 8, 0, 0, 0 ], [ 1, 0, 3, 4, 0, 0, 0 ],
      [ 0, 0, 0, 0, 0, 8, 0 ], [ 0, 2, 0, 0, 2, 4, 0 ], [ 0, 0, 0, 0, 0, 0, 8 ] ],
  [ [ 0, 0, 0, 0, 12, 0, 0 ], [ 0, 0, 2, 0, 0, 0, 10 ], [ 0, 8, 0, 0, 4, 0, 0 ], [ 0, 0, 0, 0, 0, 12, 0 ],
      [ 1, 0, 1, 0, 0, 0, 10 ], [ 0, 0, 0, 2, 0, 0, 10 ], [ 0, 2, 0, 0, 2, 8, 0 ] ],
  [ [ 0, 0, 0, 0, 0, 48, 0 ], [ 0, 0, 0, 8, 0, 0, 40 ], [ 0, 0, 0, 0, 0, 48, 0 ], [ 0, 12, 0, 0, 12, 24, 0 ],
      [ 0, 0, 0, 8, 0, 0, 40 ], [ 1, 0, 3, 4, 0, 0, 40 ], [ 0, 8, 0, 0, 8, 32, 0 ] ],
  [ [ 0, 0, 0, 0, 0, 0, 60 ], [ 0, 10, 0, 0, 10, 40, 0 ], [ 0, 0, 0, 0, 0, 0, 60 ], [ 0, 0, 0, 0, 0, 0, 60 ],
      [ 0, 10, 0, 0, 10, 40, 0 ], [ 0, 10, 0, 0, 10, 40, 0 ], [ 1, 0, 3, 8, 0, 0, 48 ] ] ]