 degree:12
 order:128
[ 12, 12, 3, 4, 24, 72 ][ 2, 12, 0, 0, 1, 0, 12, 0, 1, 0, 0, 0, 0, 0, 4 ]
minimal polynomial:
[ x-12, x-6, x, x+4, x+8, x^2-48 ]1
[ x-12, x-8, x, x+4, x+6, x^2-48 ]
[ x-3, x+1 ]
[ x-4, x, x+4 ]
[ x-24, x, x+8 ]
[ x-72, x, x+24, x^2-192 ]

 SITA: 

[ [ [ 1, 0, 0, 0, 0, 0, 0 ], [ 0, 1, 0, 0, 0, 0, 0 ], [ 0, 0, 1, 0, 0, 0, 0 ], [ 0, 0, 0, 1, 0, 0, 0 ],
      [ 0, 0, 0, 0, 1, 0, 0 ], [ 0, 0, 0, 0, 0, 1, 0 ], [ 0, 0, 0, 0, 0, 0, 1 ] ],
  [ [ 0, 12, 0, 0, 0, 0, 0 ], [ 1, 0, 2, 3, 0, 0, 6 ], [ 0, 2, 0, 0, 4, 0, 6 ], [ 0, 12, 0, 0, 0, 0, 0 ],
      [ 0, 0, 12, 0, 0, 0, 0 ], [ 0, 0, 0, 0, 0, 0, 12 ], [ 0, 1, 1, 0, 0, 4, 6 ] ],
  [ [ 0, 0, 12, 0, 0, 0, 0 ], [ 0, 2, 0, 0, 4, 0, 6 ], [ 1, 0, 2, 3, 0, 0, 6 ], [ 0, 0, 12, 0, 0, 0, 0 ],
      [ 0, 12, 0, 0, 0, 0, 0 ], [ 0, 0, 0, 0, 0, 0, 12 ], [ 0, 1, 1, 0, 0, 4, 6 ] ],
  [ [ 0, 0, 0, 3, 0, 0, 0 ], [ 0, 3, 0, 0, 0, 0, 0 ], [ 0, 0, 3, 0, 0, 0, 0 ], [ 1, 0, 0, 2, 0, 0, 0 ],
      [ 0, 0, 0, 0, 3, 0, 0 ], [ 0, 0, 0, 0, 0, 3, 0 ], [ 0, 0, 0, 0, 0, 0, 3 ] ],
  [ [ 0, 0, 0, 0, 4, 0, 0 ], [ 0, 0, 4, 0, 0, 0, 0 ], [ 0, 4, 0, 0, 0, 0, 0 ], [ 0, 0, 0, 0, 4, 0, 0 ],
      [ 1, 0, 0, 3, 0, 0, 0 ], [ 0, 0, 0, 0, 0, 4, 0 ], [ 0, 0, 0, 0, 0, 0, 4 ] ],
  [ [ 0, 0, 0, 0, 0, 24, 0 ], [ 0, 0, 0, 0, 0, 0, 24 ], [ 0, 0, 0, 0, 0, 0, 24 ], [ 0, 0, 0, 0, 0, 24, 0 ],
      [ 0, 0, 0, 0, 0, 24, 0 ], [ 1, 0, 0, 3, 4, 16, 0 ], [ 0, 4, 4, 0, 0, 0, 16 ] ],
  [ [ 0, 0, 0, 0, 0, 0, 72 ], [ 0, 6, 6, 0, 0, 24, 36 ], [ 0, 6, 6, 0, 0, 24, 36 ], [ 0, 0, 0, 0, 0, 0, 72 ],
      [ 0, 0, 0, 0, 0, 0, 72 ], [ 0, 12, 12, 0, 0, 0, 48 ], [ 1, 6, 6, 3, 4, 16, 36 ] ] ]