 degree:12
 order:128
[ 12, 12, 3, 12, 40, 48 ][ 4, 12, 0, 0, 1, 0, 8, 0, 0, 0, 0, 0, 0, 1, 10 ]
minimal polynomial:
[ x-12, x, x+12, x^2-80, x^2-32 ]1
[ x-12, x, x+4 ]
[ x-3, x+1 ]
[ x-12, x, x+12, x^2-80, x^2-32 ]
[ x-40, x, x+40, x^2-320 ]
[ x-48, x, x+16 ]

 SITA: 

[ [ [ 1, 0, 0, 0, 0, 0, 0 ], [ 0, 1, 0, 0, 0, 0, 0 ], [ 0, 0, 1, 0, 0, 0, 0 ], [ 0, 0, 0, 1, 0, 0, 0 ],
      [ 0, 0, 0, 0, 1, 0, 0 ], [ 0, 0, 0, 0, 0, 1, 0 ], [ 0, 0, 0, 0, 0, 0, 1 ] ],
  [ [ 0, 12, 0, 0, 0, 0, 0 ], [ 1, 0, 4, 3, 0, 0, 4 ], [ 0, 4, 0, 0, 8, 0, 0 ], [ 0, 12, 0, 0, 0, 0, 0 ],
      [ 0, 0, 8, 0, 0, 0, 4 ], [ 0, 0, 0, 0, 0, 0, 12 ], [ 0, 1, 0, 0, 1, 10, 0 ] ],
  [ [ 0, 0, 12, 0, 0, 0, 0 ], [ 0, 4, 0, 0, 8, 0, 0 ], [ 1, 0, 8, 3, 0, 0, 0 ], [ 0, 0, 12, 0, 0, 0, 0 ],
      [ 0, 8, 0, 0, 4, 0, 0 ], [ 0, 0, 0, 0, 0, 12, 0 ], [ 0, 0, 0, 0, 0, 0, 12 ] ],
  [ [ 0, 0, 0, 3, 0, 0, 0 ], [ 0, 3, 0, 0, 0, 0, 0 ], [ 0, 0, 3, 0, 0, 0, 0 ], [ 1, 0, 0, 2, 0, 0, 0 ],
      [ 0, 0, 0, 0, 3, 0, 0 ], [ 0, 0, 0, 0, 0, 3, 0 ], [ 0, 0, 0, 0, 0, 0, 3 ] ],
  [ [ 0, 0, 0, 0, 12, 0, 0 ], [ 0, 0, 8, 0, 0, 0, 4 ], [ 0, 8, 0, 0, 4, 0, 0 ], [ 0, 0, 0, 0, 12, 0, 0 ],
      [ 1, 0, 4, 3, 0, 0, 4 ], [ 0, 0, 0, 0, 0, 0, 12 ], [ 0, 1, 0, 0, 1, 10, 0 ] ],
  [ [ 0, 0, 0, 0, 0, 40, 0 ], [ 0, 0, 0, 0, 0, 0, 40 ], [ 0, 0, 0, 0, 0, 40, 0 ], [ 0, 0, 0, 0, 0, 40, 0 ],
      [ 0, 0, 0, 0, 0, 0, 40 ], [ 1, 0, 12, 3, 0, 0, 24 ], [ 0, 10, 0, 0, 10, 20, 0 ] ],
  [ [ 0, 0, 0, 0, 0, 0, 48 ], [ 0, 4, 0, 0, 4, 40, 0 ], [ 0, 0, 0, 0, 0, 0, 48 ], [ 0, 0, 0, 0, 0, 0, 48 ],
      [ 0, 4, 0, 0, 4, 40, 0 ], [ 0, 12, 0, 0, 12, 24, 0 ], [ 1, 0, 12, 3, 0, 0, 32 ] ] ]