 degree:12
 order:90
[ 12, 24, 2, 9, 18, 24 ][ 2, 12, 4, 0, 1, 0, 0, 8, 2, 0, 0, 0, 0, 3, 3 ]
minimal polynomial:
[ x-12, x-6, x-4, x, x+3, x+6, x+8 ]
[ x-24, x-8, x, x+6, x+12 ]
[ x-2, x+1 ]
[ x-9, x-3, x, x+6 ]
[ x-18, x-3, x, x+6 ]
[ x-24, x-9, x, x+12 ]

 SITA:

[ [ [ 1, 0, 0, 0, 0, 0, 0 ], [ 0, 1, 0, 0, 0, 0, 0 ], [ 0, 0, 1, 0, 0, 0, 0 ], [ 0, 0, 0, 1, 0, 0, 0 ],[ 0, 0, 0, 0, 1, 0, 0 ], [ 0, 0, 0, 0, 0, 1, 0 ], [ 0, 0, 0, 0, 0, 0, 1 ] ],
  [ [ 0, 12, 0, 0, 0, 0, 0 ], [ 1, 0, 4, 2, 3, 0, 2 ], [ 0, 2, 2, 0, 0, 6, 2 ], [ 0, 12, 0, 0, 0, 0, 0 ],[ 0, 4, 0, 0, 0, 0, 8 ], [ 0, 0, 8, 0, 0, 0, 4 ], [ 0, 1, 2, 0, 3, 3, 3 ] ],
  [ [ 0, 0, 24, 0, 0, 0, 0 ], [ 0, 4, 4, 0, 0, 12, 4 ], [ 1, 2, 6, 2, 3, 6, 4 ], [ 0, 0, 24, 0, 0, 0, 0 ],[ 0, 0, 8, 0, 0, 0, 16 ], [ 0, 8, 8, 0, 0, 0, 8 ], [ 0, 2, 4, 0, 6, 6, 6 ] ],
  [ [ 0, 0, 0, 2, 0, 0, 0 ], [ 0, 2, 0, 0, 0, 0, 0 ], [ 0, 0, 2, 0, 0, 0, 0 ], [ 1, 0, 0, 1, 0, 0, 0 ],[ 0, 0, 0, 0, 2, 0, 0 ], [ 0, 0, 0, 0, 0, 2, 0 ], [ 0, 0, 0, 0, 0, 0, 2 ] ],
  [ [ 0, 0, 0, 0, 9, 0, 0 ], [ 0, 3, 0, 0, 0, 0, 6 ], [ 0, 0, 3, 0, 0, 0, 6 ], [ 0, 0, 0, 0, 9, 0, 0 ],[ 1, 0, 0, 2, 0, 6, 0 ], [ 0, 0, 0, 0, 3, 6, 0 ], [ 0, 3, 6, 0, 0, 0, 0 ] ],
  [ [ 0, 0, 0, 0, 0, 18, 0 ], [ 0, 0, 12, 0, 0, 0, 6 ], [ 0, 6, 6, 0, 0, 0, 6 ], [ 0, 0, 0, 0, 0, 18, 0 ],[ 0, 0, 0, 0, 6, 12, 0 ], [ 1, 0, 0, 2, 6, 9, 0 ], [ 0, 3, 6, 0, 0, 0, 9 ] ],
  [ [ 0, 0, 0, 0, 0, 0, 24 ], [ 0, 2, 4, 0, 6, 6, 6 ], [ 0, 2, 4, 0, 6, 6, 6 ], [ 0, 0, 0, 0, 0, 0, 24 ],[ 0, 8, 16, 0, 0, 0, 0 ], [ 0, 4, 8, 0, 0, 0, 12 ], [ 1, 3, 6, 2, 0, 9, 3 ] ] ]