 degree:12
 order:80
[ 12, 12, 1, 12, 18, 24 ][ 4, 0, 4, 2, 0, 12, 4, 2, 0, 0, 0, 0, 0, 2, 6 ]
minimal polynomial:
[ x-12, x-2, x, x+6, x+8, x^2-4*x-16 ]1
[ x-12, x-6, x, x+2, x+8, x^2-4*x-16 ]
[ x-1, x+1 ]
[ x-12, x-4, x, x+4 ]
[ x-18, x-2, x, x+6 ]
[ x-24, x, x+16, x^2+8*x-64 ]

 SITA: 

[ [ [ 1, 0, 0, 0, 0, 0, 0 ], [ 0, 1, 0, 0, 0, 0, 0 ], [ 0, 0, 1, 0, 0, 0, 0 ], [ 0, 0, 0, 1, 0, 0, 0 ],
      [ 0, 0, 0, 0, 1, 0, 0 ], [ 0, 0, 0, 0, 0, 1, 0 ], [ 0, 0, 0, 0, 0, 0, 1 ] ],
  [ [ 0, 12, 0, 0, 0, 0, 0 ], [ 1, 0, 4, 0, 4, 3, 0 ], [ 0, 4, 0, 1, 4, 3, 0 ], [ 0, 0, 12, 0, 0, 0, 0 ],
      [ 0, 4, 4, 0, 0, 0, 4 ], [ 0, 2, 2, 0, 0, 0, 8 ], [ 0, 0, 0, 0, 2, 6, 4 ] ],
  [ [ 0, 0, 12, 0, 0, 0, 0 ], [ 0, 4, 0, 1, 4, 3, 0 ], [ 1, 0, 4, 0, 4, 3, 0 ], [ 0, 12, 0, 0, 0, 0, 0 ],
      [ 0, 4, 4, 0, 0, 0, 4 ], [ 0, 2, 2, 0, 0, 0, 8 ], [ 0, 0, 0, 0, 2, 6, 4 ] ],
  [ [ 0, 0, 0, 1, 0, 0, 0 ], [ 0, 0, 1, 0, 0, 0, 0 ], [ 0, 1, 0, 0, 0, 0, 0 ], [ 1, 0, 0, 0, 0, 0, 0 ],
      [ 0, 0, 0, 0, 1, 0, 0 ], [ 0, 0, 0, 0, 0, 1, 0 ], [ 0, 0, 0, 0, 0, 0, 1 ] ],
  [ [ 0, 0, 0, 0, 12, 0, 0 ], [ 0, 4, 4, 0, 0, 0, 4 ], [ 0, 4, 4, 0, 0, 0, 4 ], [ 0, 0, 0, 0, 12, 0, 0 ],
      [ 1, 0, 0, 1, 4, 6, 0 ], [ 0, 0, 0, 0, 4, 8, 0 ], [ 0, 2, 2, 0, 0, 0, 8 ] ],
  [ [ 0, 0, 0, 0, 0, 18, 0 ], [ 0, 3, 3, 0, 0, 0, 12 ], [ 0, 3, 3, 0, 0, 0, 12 ], [ 0, 0, 0, 0, 0, 18, 0 ],
      [ 0, 0, 0, 0, 6, 12, 0 ], [ 1, 0, 0, 1, 8, 8, 0 ], [ 0, 6, 6, 0, 0, 0, 6 ] ],
  [ [ 0, 0, 0, 0, 0, 0, 24 ], [ 0, 0, 0, 0, 4, 12, 8 ], [ 0, 0, 0, 0, 4, 12, 8 ], [ 0, 0, 0, 0, 0, 0, 24 ],
      [ 0, 4, 4, 0, 0, 0, 16 ], [ 0, 8, 8, 0, 0, 0, 8 ], [ 1, 4, 4, 1, 8, 6, 0 ] ] ]