 degree:12
 order:112
[ 12, 24, 1, 20, 24, 30 ][ 5, 12, 0, 0, 0, 0, 6, 2, 0, 0, 0, 0, 0, 4, 8 ]
minimal polynomial:
[ x-12, x-8, x-2, x, x+2, x+8, x+12 ]
[ x-24, x-8, x, x+4 ]
[ x-1, x+1 ]
[ x-20, x-6, x, x+6, x+20 ]
[ x-24, x-8, x-4, x, x+4, x+8, x+24 ]
[ x-30, x-2, x, x+10 ]

 SITA: 

[ [ [ 1, 0, 0, 0, 0, 0, 0 ], [ 0, 1, 0, 0, 0, 0, 0 ], [ 0, 0, 1, 0, 0, 0, 0 ], [ 0, 0, 0, 1, 0, 0, 0 ],[ 0, 0, 0, 0, 1, 0, 0 ], [ 0, 0, 0, 0, 0, 1, 0 ], [ 0, 0, 0, 0, 0, 0, 1 ] ],
  [ [ 0, 12, 0, 0, 0, 0, 0 ], [ 1, 0, 10, 1, 0, 0, 0 ], [ 0, 5, 0, 0, 5, 2, 0 ], [ 0, 12, 0, 0, 0, 0, 0 ],[ 0, 0, 6, 0, 0, 0, 6 ], [ 0, 0, 2, 0, 0, 0, 10 ], [ 0, 0, 0, 0, 4, 8, 0 ] ],
  [ [ 0, 0, 24, 0, 0, 0, 0 ], [ 0, 10, 0, 0, 10, 4, 0 ], [ 1, 0, 12, 1, 0, 0, 10 ], [ 0, 0, 24, 0, 0, 0, 0 ],[ 0, 6, 0, 0, 6, 12, 0 ], [ 0, 2, 0, 0, 10, 12, 0 ], [ 0, 0, 8, 0, 0, 0, 16 ] ],
  [ [ 0, 0, 0, 1, 0, 0, 0 ], [ 0, 1, 0, 0, 0, 0, 0 ], [ 0, 0, 1, 0, 0, 0, 0 ], [ 1, 0, 0, 0, 0, 0, 0 ],[ 0, 0, 0, 0, 1, 0, 0 ], [ 0, 0, 0, 0, 0, 1, 0 ], [ 0, 0, 0, 0, 0, 0, 1 ] ],
  [ [ 0, 0, 0, 0, 20, 0, 0 ], [ 0, 0, 10, 0, 0, 0, 10 ], [ 0, 5, 0, 0, 5, 10, 0 ], [ 0, 0, 0, 0, 20, 0, 0 ],[ 1, 0, 6, 1, 0, 0, 12 ], [ 0, 0, 10, 0, 0, 0, 10 ], [ 0, 4, 0, 0, 8, 8, 0 ] ],
  [ [ 0, 0, 0, 0, 0, 24, 0 ], [ 0, 0, 4, 0, 0, 0, 20 ], [ 0, 2, 0, 0, 10, 12, 0 ], [ 0, 0, 0, 0, 0, 24, 0 ],[ 0, 0, 12, 0, 0, 0, 12 ], [ 1, 0, 12, 1, 0, 0, 10 ], [ 0, 8, 0, 0, 8, 8, 0 ] ],
  [ [ 0, 0, 0, 0, 0, 0, 30 ], [ 0, 0, 0, 0, 10, 20, 0 ], [ 0, 0, 10, 0, 0, 0, 20 ], [ 0, 0, 0, 0, 0, 0, 30 ],[ 0, 6, 0, 0, 12, 12, 0 ], [ 0, 10, 0, 0, 10, 10, 0 ], [ 1, 0, 16, 1, 0, 0, 12 ] ] ]