 degree:12
 order:140
[ 12, 12, 1, 2, 16, 96 ][ 2, 12, 0, 0, 1, 0, 12, 0, 1, 0, 0, 0, 0, 0, 2 ]
minimal polynomial:
[ x-12, x-4, x, x+2, x+6, x^2-24 ]1
[ x-12, x-6, x, x+2, x+4, x^2-24 ]
[ x-1, x+1 ]
[ x-2, x, x+2 ]
[ x-16, x, x+4 ]
[ x-96, x, x+16, x^2-96 ]

 SITA:

[ [ [ 1, 0, 0, 0, 0, 0, 0 ], [ 0, 1, 0, 0, 0, 0, 0 ], [ 0, 0, 1, 0, 0, 0, 0 ], [ 0, 0, 0, 1, 0, 0, 0 ],
      [ 0, 0, 0, 0, 1, 0, 0 ], [ 0, 0, 0, 0, 0, 1, 0 ], [ 0, 0, 0, 0, 0, 0, 1 ] ],
  [ [ 0, 12, 0, 0, 0, 0, 0 ], [ 1, 0, 2, 1, 0, 0, 8 ], [ 0, 2, 0, 0, 2, 0, 8 ], [ 0, 12, 0, 0, 0, 0, 0 ],
      [ 0, 0, 12, 0, 0, 0, 0 ], [ 0, 0, 0, 0, 0, 0, 12 ], [ 0, 1, 1, 0, 0, 2, 8 ] ],
  [ [ 0, 0, 12, 0, 0, 0, 0 ], [ 0, 2, 0, 0, 2, 0, 8 ], [ 1, 0, 2, 1, 0, 0, 8 ], [ 0, 0, 12, 0, 0, 0, 0 ],
      [ 0, 12, 0, 0, 0, 0, 0 ], [ 0, 0, 0, 0, 0, 0, 12 ], [ 0, 1, 1, 0, 0, 2, 8 ] ],
  [ [ 0, 0, 0, 1, 0, 0, 0 ], [ 0, 1, 0, 0, 0, 0, 0 ], [ 0, 0, 1, 0, 0, 0, 0 ], [ 1, 0, 0, 0, 0, 0, 0 ],
      [ 0, 0, 0, 0, 1, 0, 0 ], [ 0, 0, 0, 0, 0, 1, 0 ], [ 0, 0, 0, 0, 0, 0, 1 ] ],
  [ [ 0, 0, 0, 0, 2, 0, 0 ], [ 0, 0, 2, 0, 0, 0, 0 ], [ 0, 2, 0, 0, 0, 0, 0 ], [ 0, 0, 0, 0, 2, 0, 0 ],
      [ 1, 0, 0, 1, 0, 0, 0 ], [ 0, 0, 0, 0, 0, 2, 0 ], [ 0, 0, 0, 0, 0, 0, 2 ] ],
  [ [ 0, 0, 0, 0, 0, 16, 0 ], [ 0, 0, 0, 0, 0, 0, 16 ], [ 0, 0, 0, 0, 0, 0, 16 ], [ 0, 0, 0, 0, 0, 16, 0 ],
      [ 0, 0, 0, 0, 0, 16, 0 ], [ 1, 0, 0, 1, 2, 12, 0 ], [ 0, 2, 2, 0, 0, 0, 12 ] ],
  [ [ 0, 0, 0, 0, 0, 0, 96 ], [ 0, 8, 8, 0, 0, 16, 64 ], [ 0, 8, 8, 0, 0, 16, 64 ], [ 0, 0, 0, 0, 0, 0, 96 ],
      [ 0, 0, 0, 0, 0, 0, 96 ], [ 0, 12, 12, 0, 0, 0, 72 ], [ 1, 8, 8, 1, 2, 12, 64 ] ] ]