 degree:12
 order:120
[ 12, 24, 2, 9, 24, 48 ][ 4, 0, 4, 0, 0, 0, 0, 0, 2, 0, 1, 0, 3, 0, 4 ]
minimal polynomial:
[ x-12, x-4, x, x+6, x+8, x^2-8*x+4 ]1
[ x-24, x-6, x-4, x, x+8, x^2-8*x-32 ]
[ x-2, x+1 ]
[ x-9, x, x+3 ]
[ x-24, x-8, x-6, x, x+16, x^2+8*x+4 ]
[ x-48, x-8, x, x+6, x+16, x^2+8*x-32 ]
 SITA: 

[ [ [ 1, 0, 0, 0, 0, 0, 0 ], [ 0, 1, 0, 0, 0, 0, 0 ], [ 0, 0, 1, 0, 0, 0, 0 ], [ 0, 0, 0, 1, 0, 0, 0 ],[ 0, 0, 0, 0, 1, 0, 0 ], [ 0, 0, 0, 0, 0, 1, 0 ], [ 0, 0, 0, 0, 0, 0, 1 ] ],
  [ [ 0, 12, 0, 0, 0, 0, 0 ], [ 1, 0, 8, 0, 3, 0, 0 ], [ 0, 4, 4, 0, 0, 0, 4 ], [ 0, 0, 0, 0, 0, 12, 0 ],[ 0, 4, 0, 0, 0, 8, 0 ], [ 0, 0, 0, 1, 3, 0, 8 ], [ 0, 0, 2, 0, 0, 4, 6 ] ],
  [ [ 0, 0, 24, 0, 0, 0, 0 ], [ 0, 8, 8, 0, 0, 0, 8 ], [ 1, 4, 8, 0, 3, 4, 4 ], [ 0, 0, 0, 0, 0, 0, 24 ],[ 0, 0, 8, 0, 0, 0, 16 ], [ 0, 0, 4, 0, 0, 8, 12 ], [ 0, 2, 2, 1, 3, 6, 10 ] ],
  [ [ 0, 0, 0, 2, 0, 0, 0 ], [ 0, 0, 0, 0, 0, 2, 0 ], [ 0, 0, 0, 0, 0, 0, 2 ], [ 1, 0, 0, 1, 0, 0, 0 ],[ 0, 0, 0, 0, 2, 0, 0 ], [ 0, 1, 0, 0, 0, 1, 0 ], [ 0, 0, 1, 0, 0, 0, 1 ] ],
  [ [ 0, 0, 0, 0, 9, 0, 0 ], [ 0, 3, 0, 0, 0, 6, 0 ], [ 0, 0, 3, 0, 0, 0, 6 ], [ 0, 0, 0, 0, 9, 0, 0 ],[ 1, 0, 0, 2, 6, 0, 0 ], [ 0, 3, 0, 0, 0, 6, 0 ], [ 0, 0, 3, 0, 0, 0, 6 ] ],
  [ [ 0, 0, 0, 0, 0, 24, 0 ], [ 0, 0, 0, 2, 6, 0, 16 ], [ 0, 0, 4, 0, 0, 8, 12 ], [ 0, 12, 0, 0, 0, 12, 0 ],[ 0, 8, 0, 0, 0, 16, 0 ], [ 1, 0, 8, 1, 6, 0, 8 ], [ 0, 4, 6, 0, 0, 4, 10 ] ],
  [ [ 0, 0, 0, 0, 0, 0, 48 ], [ 0, 0, 8, 0, 0, 16, 24 ], [ 0, 4, 4, 2, 6, 12, 20 ], [ 0, 0, 24, 0, 0, 0, 24 ],[ 0, 0, 16, 0, 0, 0, 32 ], [ 0, 8, 12, 0, 0, 8, 20 ], [ 1, 6, 10, 1, 6, 10, 14 ] ] ]