 degree:12
 order:64
[ 12, 12, 1, 2, 12, 24 ][ 3, 0, 0, 8, 0, 0, 0, 3, 3, 0, 1, 0, 0, 1, 0 ]
minimal polynomial:
[ x-12, x, x+4, x^2-8*x-12, x^2+8*x-12 ]1
[ x-12, x, x+4 ]
[ x-1, x+1 ]
[ x-2, x, x+2 ]
[ x-12, x, x+4, x^2-8*x-12 ]
[ x-24, x, x+8, x^2+16*x-48 ]

 SITA:

[ [ [ 1, 0, 0, 0, 0, 0, 0 ], [ 0, 1, 0, 0, 0, 0, 0 ], [ 0, 0, 1, 0, 0, 0, 0 ], [ 0, 0, 0, 1, 0, 0, 0 ],
      [ 0, 0, 0, 0, 1, 0, 0 ], [ 0, 0, 0, 0, 0, 1, 0 ], [ 0, 0, 0, 0, 0, 0, 1 ] ],
  [ [ 0, 12, 0, 0, 0, 0, 0 ], [ 1, 0, 3, 0, 0, 8, 0 ], [ 0, 3, 0, 0, 0, 3, 6 ], [ 0, 0, 0, 0, 0, 12, 0 ],
      [ 0, 0, 0, 0, 0, 0, 12 ], [ 0, 8, 3, 1, 0, 0, 0 ], [ 0, 0, 3, 0, 1, 0, 8 ] ],
  [ [ 0, 0, 12, 0, 0, 0, 0 ], [ 0, 3, 0, 0, 0, 3, 6 ], [ 1, 0, 8, 1, 2, 0, 0 ], [ 0, 0, 12, 0, 0, 0, 0 ],
      [ 0, 0, 12, 0, 0, 0, 0 ], [ 0, 3, 0, 0, 0, 3, 6 ], [ 0, 3, 0, 0, 0, 3, 6 ] ],
  [ [ 0, 0, 0, 1, 0, 0, 0 ], [ 0, 0, 0, 0, 0, 1, 0 ], [ 0, 0, 1, 0, 0, 0, 0 ], [ 1, 0, 0, 0, 0, 0, 0 ],
      [ 0, 0, 0, 0, 1, 0, 0 ], [ 0, 1, 0, 0, 0, 0, 0 ], [ 0, 0, 0, 0, 0, 0, 1 ] ],
  [ [ 0, 0, 0, 0, 2, 0, 0 ], [ 0, 0, 0, 0, 0, 0, 2 ], [ 0, 0, 2, 0, 0, 0, 0 ], [ 0, 0, 0, 0, 2, 0, 0 ],
      [ 1, 0, 0, 1, 0, 0, 0 ], [ 0, 0, 0, 0, 0, 0, 2 ], [ 0, 1, 0, 0, 0, 1, 0 ] ],
  [ [ 0, 0, 0, 0, 0, 12, 0 ], [ 0, 8, 3, 1, 0, 0, 0 ], [ 0, 3, 0, 0, 0, 3, 6 ], [ 0, 12, 0, 0, 0, 0, 0 ],
      [ 0, 0, 0, 0, 0, 0, 12 ], [ 1, 0, 3, 0, 0, 8, 0 ], [ 0, 0, 3, 0, 1, 0, 8 ] ],
  [ [ 0, 0, 0, 0, 0, 0, 24 ], [ 0, 0, 6, 0, 2, 0, 16 ], [ 0, 6, 0, 0, 0, 6, 12 ], [ 0, 0, 0, 0, 0, 0, 24 ],
      [ 0, 12, 0, 0, 0, 12, 0 ], [ 0, 0, 6, 0, 2, 0, 16 ], [ 1, 8, 6, 1, 0, 8, 0 ] ] ]