 degree:12
 order:80
[ 12, 12, 3, 12, 16, 24 ][ 2, 4, 6, 0, 1, 8, 6, 0, 1, 0, 0, 0, 0, 0, 8 ]
minimal polynomial:
[ x-12, x-2, x, x+4, x+8, x^2-96 ]1
[ x-12, x-4, x, x+2, x+8, x^2-96 ]
[ x-3, x+1 ]
[ x-12, x, x+4 ]
[ x-16, x, x+16 ]
[ x-24, x, x+16, x^2-384 ]

 SITA: 

[ [ [ 1, 0, 0, 0, 0, 0, 0 ], [ 0, 1, 0, 0, 0, 0, 0 ], [ 0, 0, 1, 0, 0, 0, 0 ], [ 0, 0, 0, 1, 0, 0, 0 ],
      [ 0, 0, 0, 0, 1, 0, 0 ], [ 0, 0, 0, 0, 0, 1, 0 ], [ 0, 0, 0, 0, 0, 0, 1 ] ],
  [ [ 0, 12, 0, 0, 0, 0, 0 ], [ 1, 0, 2, 1, 6, 0, 2 ], [ 0, 2, 0, 2, 6, 0, 2 ], [ 0, 4, 8, 0, 0, 0, 0 ],
      [ 0, 6, 6, 0, 0, 0, 0 ], [ 0, 0, 0, 0, 0, 0, 12 ], [ 0, 1, 1, 0, 0, 8, 2 ] ],
  [ [ 0, 0, 12, 0, 0, 0, 0 ], [ 0, 2, 0, 2, 6, 0, 2 ], [ 1, 0, 2, 1, 6, 0, 2 ], [ 0, 8, 4, 0, 0, 0, 0 ],
      [ 0, 6, 6, 0, 0, 0, 0 ], [ 0, 0, 0, 0, 0, 0, 12 ], [ 0, 1, 1, 0, 0, 8, 2 ] ],
  [ [ 0, 0, 0, 3, 0, 0, 0 ], [ 0, 1, 2, 0, 0, 0, 0 ], [ 0, 2, 1, 0, 0, 0, 0 ], [ 1, 0, 0, 2, 0, 0, 0 ],
      [ 0, 0, 0, 0, 3, 0, 0 ], [ 0, 0, 0, 0, 0, 3, 0 ], [ 0, 0, 0, 0, 0, 0, 3 ] ],
  [ [ 0, 0, 0, 0, 12, 0, 0 ], [ 0, 6, 6, 0, 0, 0, 0 ], [ 0, 6, 6, 0, 0, 0, 0 ], [ 0, 0, 0, 0, 12, 0, 0 ],
      [ 1, 0, 0, 3, 8, 0, 0 ], [ 0, 0, 0, 0, 0, 12, 0 ], [ 0, 0, 0, 0, 0, 0, 12 ] ],
  [ [ 0, 0, 0, 0, 0, 16, 0 ], [ 0, 0, 0, 0, 0, 0, 16 ], [ 0, 0, 0, 0, 0, 0, 16 ], [ 0, 0, 0, 0, 0, 16, 0 ],
      [ 0, 0, 0, 0, 0, 16, 0 ], [ 1, 0, 0, 3, 12, 0, 0 ], [ 0, 8, 8, 0, 0, 0, 0 ] ],
  [ [ 0, 0, 0, 0, 0, 0, 24 ], [ 0, 2, 2, 0, 0, 16, 4 ], [ 0, 2, 2, 0, 0, 16, 4 ], [ 0, 0, 0, 0, 0, 0, 24 ],
      [ 0, 0, 0, 0, 0, 0, 24 ], [ 0, 12, 12, 0, 0, 0, 0 ], [ 1, 2, 2, 3, 12, 0, 4 ] ] ]