 degree:12
 order:40
[ 12, 12, 3, 4, 4, 4 ][ 7, 8, 0, 0, 6, 0, 9, 6, 0, 0, 3, 0, 0, 3, 3 ]
minimal polynomial:
[ x-12, x-3, x, x+3, x+12, x^2-5 ]1
[ x-12, x-1, x+3, x+4 ]
[ x-3, x+1 ]
[ x-4, x, x+4 ]
[ x-4, x-1, x, x+1, x+4, x^2-5 ]
[ x-4, x+1 ]

 SITA:

[ [ [ 1, 0, 0, 0, 0, 0, 0 ], [ 0, 1, 0, 0, 0, 0, 0 ], [ 0, 0, 1, 0, 0, 0, 0 ], [ 0, 0, 0, 1, 0, 0, 0 ],
      [ 0, 0, 0, 0, 1, 0, 0 ], [ 0, 0, 0, 0, 0, 1, 0 ], [ 0, 0, 0, 0, 0, 0, 1 ] ],
  [ [ 0, 12, 0, 0, 0, 0, 0 ], [ 1, 0, 7, 2, 0, 0, 2 ], [ 0, 7, 0, 0, 3, 2, 0 ], [ 0, 8, 0, 0, 0, 4, 0 ],
      [ 0, 0, 9, 0, 0, 0, 3 ], [ 0, 0, 6, 3, 0, 0, 3 ], [ 0, 6, 0, 0, 3, 3, 0 ] ],
  [ [ 0, 0, 12, 0, 0, 0, 0 ], [ 0, 7, 0, 0, 3, 2, 0 ], [ 1, 0, 6, 2, 0, 0, 3 ], [ 0, 0, 8, 0, 0, 0, 4 ],
      [ 0, 9, 0, 0, 0, 3, 0 ], [ 0, 6, 0, 0, 3, 3, 0 ], [ 0, 0, 9, 3, 0, 0, 0 ] ],
  [ [ 0, 0, 0, 3, 0, 0, 0 ], [ 0, 2, 0, 0, 0, 1, 0 ], [ 0, 0, 2, 0, 0, 0, 1 ], [ 1, 0, 0, 2, 0, 0, 0 ],
      [ 0, 0, 0, 0, 3, 0, 0 ], [ 0, 3, 0, 0, 0, 0, 0 ], [ 0, 0, 3, 0, 0, 0, 0 ] ],
  [ [ 0, 0, 0, 0, 4, 0, 0 ], [ 0, 0, 3, 0, 0, 0, 1 ], [ 0, 3, 0, 0, 0, 1, 0 ], [ 0, 0, 0, 0, 4, 0, 0 ],
      [ 1, 0, 0, 3, 0, 0, 0 ], [ 0, 0, 3, 0, 0, 0, 1 ], [ 0, 3, 0, 0, 0, 1, 0 ] ],
  [ [ 0, 0, 0, 0, 0, 4, 0 ], [ 0, 0, 2, 1, 0, 0, 1 ], [ 0, 2, 0, 0, 1, 1, 0 ], [ 0, 4, 0, 0, 0, 0, 0 ],
      [ 0, 0, 3, 0, 0, 0, 1 ], [ 1, 0, 3, 0, 0, 0, 0 ], [ 0, 3, 0, 0, 1, 0, 0 ] ],
  [ [ 0, 0, 0, 0, 0, 0, 4 ], [ 0, 2, 0, 0, 1, 1, 0 ], [ 0, 0, 3, 1, 0, 0, 0 ], [ 0, 0, 4, 0, 0, 0, 0 ],
      [ 0, 3, 0, 0, 0, 1, 0 ], [ 0, 3, 0, 0, 1, 0, 0 ], [ 1, 0, 0, 0, 0, 0, 3 ] ] ]