 degree:12
 order:56
[ 12, 12, 1, 2, 4, 24 ][ 4, 12, 0, 0, 3, 0, 12, 0, 3, 0, 0, 0, 0, 0, 2 ]
minimal polynomial:
[ x-12, x-4, x, x+2, x+6, x^2+4*x-24 ]1
[ x-12, x-4, x, x+2, x+6, x^2-4*x-24 ]
[ x-1, x+1 ]
[ x-2, x, x+2 ]
[ x-4, x, x+4 ]
[ x-24, x-12, x, x+4, x+8 ]

 SITA:


[ [ [ 1, 0, 0, 0, 0, 0, 0 ], [ 0, 1, 0, 0, 0, 0, 0 ], [ 0, 0, 1, 0, 0, 0, 0 ], [ 0, 0, 0, 1, 0, 0, 0 ],
      [ 0, 0, 0, 0, 1, 0, 0 ], [ 0, 0, 0, 0, 0, 1, 0 ], [ 0, 0, 0, 0, 0, 0, 1 ] ],
  [ [ 0, 12, 0, 0, 0, 0, 0 ], [ 1, 0, 4, 1, 0, 0, 6 ], [ 0, 4, 0, 0, 2, 0, 6 ], [ 0, 12, 0, 0, 0, 0, 0 ],
      [ 0, 0, 12, 0, 0, 0, 0 ], [ 0, 0, 0, 0, 0, 0, 12 ], [ 0, 3, 3, 0, 0, 2, 4 ] ],
  [ [ 0, 0, 12, 0, 0, 0, 0 ], [ 0, 4, 0, 0, 2, 0, 6 ], [ 1, 0, 4, 1, 0, 0, 6 ], [ 0, 0, 12, 0, 0, 0, 0 ],
      [ 0, 12, 0, 0, 0, 0, 0 ], [ 0, 0, 0, 0, 0, 0, 12 ], [ 0, 3, 3, 0, 0, 2, 4 ] ],
  [ [ 0, 0, 0, 1, 0, 0, 0 ], [ 0, 1, 0, 0, 0, 0, 0 ], [ 0, 0, 1, 0, 0, 0, 0 ], [ 1, 0, 0, 0, 0, 0, 0 ],
      [ 0, 0, 0, 0, 1, 0, 0 ], [ 0, 0, 0, 0, 0, 1, 0 ], [ 0, 0, 0, 0, 0, 0, 1 ] ],
  [ [ 0, 0, 0, 0, 2, 0, 0 ], [ 0, 0, 2, 0, 0, 0, 0 ], [ 0, 2, 0, 0, 0, 0, 0 ], [ 0, 0, 0, 0, 2, 0, 0 ],
      [ 1, 0, 0, 1, 0, 0, 0 ], [ 0, 0, 0, 0, 0, 2, 0 ], [ 0, 0, 0, 0, 0, 0, 2 ] ],
  [ [ 0, 0, 0, 0, 0, 4, 0 ], [ 0, 0, 0, 0, 0, 0, 4 ], [ 0, 0, 0, 0, 0, 0, 4 ], [ 0, 0, 0, 0, 0, 4, 0 ],
      [ 0, 0, 0, 0, 0, 4, 0 ], [ 1, 0, 0, 1, 2, 0, 0 ], [ 0, 2, 2, 0, 0, 0, 0 ] ],
  [ [ 0, 0, 0, 0, 0, 0, 24 ], [ 0, 6, 6, 0, 0, 4, 8 ], [ 0, 6, 6, 0, 0, 4, 8 ], [ 0, 0, 0, 0, 0, 0, 24 ],
      [ 0, 0, 0, 0, 0, 0, 24 ], [ 0, 12, 12, 0, 0, 0, 0 ], [ 1, 4, 4, 1, 2, 0, 12 ] ] ]