 degree:12
 order:168
[ 12, 3, 12, 40, 40, 60 ][ 4, 0, 0, 3, 0, 2, 0, 0, 0, 0, 3, 0, 0, 8, 4 ]
minimal polynomial:
[ x-12, x, x+12, x^2-60, x^2-8 ]1
[ x-3, x+1 ]
[ x-12, x, x+12, x^2-60, x^2-8 ]
[ x-40, x-4, x, x+16 ]
[ x-40, x-12, x, x+8 ]
[ x-60, x, x+60, x^2-240 ]

 SITA: 


[ [ [ 1, 0, 0, 0, 0, 0, 0 ], [ 0, 1, 0, 0, 0, 0, 0 ], [ 0, 0, 1, 0, 0, 0, 0 ], [ 0, 0, 0, 1, 0, 0, 0 ],
      [ 0, 0, 0, 0, 1, 0, 0 ], [ 0, 0, 0, 0, 0, 1, 0 ], [ 0, 0, 0, 0, 0, 0, 1 ] ],
  [ [ 0, 12, 0, 0, 0, 0, 0 ], [ 1, 0, 1, 0, 0, 10, 0 ], [ 0, 4, 0, 8, 0, 0, 0 ], [ 0, 0, 2, 0, 0, 10, 0 ],
      [ 0, 0, 0, 0, 0, 0, 12 ], [ 0, 3, 0, 3, 0, 0, 6 ], [ 0, 0, 0, 0, 8, 4, 0 ] ],
  [ [ 0, 0, 3, 0, 0, 0, 0 ], [ 0, 1, 0, 2, 0, 0, 0 ], [ 1, 0, 2, 0, 0, 0, 0 ], [ 0, 2, 0, 1, 0, 0, 0 ],
      [ 0, 0, 0, 0, 3, 0, 0 ], [ 0, 0, 0, 0, 0, 3, 0 ], [ 0, 0, 0, 0, 0, 0, 3 ] ],
  [ [ 0, 0, 0, 12, 0, 0, 0 ], [ 0, 0, 2, 0, 0, 10, 0 ], [ 0, 8, 0, 4, 0, 0, 0 ], [ 1, 0, 1, 0, 0, 10, 0 ],
      [ 0, 0, 0, 0, 0, 0, 12 ], [ 0, 3, 0, 3, 0, 0, 6 ], [ 0, 0, 0, 0, 8, 4, 0 ] ],
  [ [ 0, 0, 0, 0, 40, 0, 0 ], [ 0, 0, 0, 0, 0, 0, 40 ], [ 0, 0, 0, 0, 40, 0, 0 ], [ 0, 0, 0, 0, 0, 0, 40 ],
      [ 1, 0, 3, 0, 12, 24, 0 ], [ 0, 0, 0, 0, 24, 16, 0 ], [ 0, 8, 0, 8, 0, 0, 24 ] ],
  [ [ 0, 0, 0, 0, 0, 40, 0 ], [ 0, 10, 0, 10, 0, 0, 20 ], [ 0, 0, 0, 0, 0, 40, 0 ], [ 0, 10, 0, 10, 0, 0, 20 ],
      [ 0, 0, 0, 0, 24, 16, 0 ], [ 1, 0, 3, 0, 16, 20, 0 ], [ 0, 4, 0, 4, 0, 0, 32 ] ],
  [ [ 0, 0, 0, 0, 0, 0, 60 ], [ 0, 0, 0, 0, 40, 20, 0 ], [ 0, 0, 0, 0, 0, 0, 60 ], [ 0, 0, 0, 0, 40, 20, 0 ],
      [ 0, 12, 0, 12, 0, 0, 36 ], [ 0, 6, 0, 6, 0, 0, 48 ], [ 1, 0, 3, 0, 24, 32, 0 ] ] ]
