 degree:12
 order:216
[ 12, 12, 1, 10, 60, 120 ][ 6, 0, 0, 1, 0, 12, 0, 1, 0, 0, 0, 0, 0, 1, 5 ]
minimal polynomial:
[ x-12, x, x+6, x^2-6*x-12, x^2+6*x-12 ]1
[ x-12, x, x+6, x^2-6*x-12 ]
[ x-1, x+1 ]
[ x-10, x, x+2 ]
[ x-60, x, x+12 ]
[ x-120, x, x+60, x^2+12*x-48 ]

 SITA:

[ [ [ 1, 0, 0, 0, 0, 0, 0 ], [ 0, 1, 0, 0, 0, 0, 0 ], [ 0, 0, 1, 0, 0, 0, 0 ], [ 0, 0, 0, 1, 0, 0, 0 ],
      [ 0, 0, 0, 0, 1, 0, 0 ], [ 0, 0, 0, 0, 0, 1, 0 ], [ 0, 0, 0, 0, 0, 0, 1 ] ],
  [ [ 0, 12, 0, 0, 0, 0, 0 ], [ 1, 0, 6, 0, 0, 5, 0 ], [ 0, 6, 0, 1, 0, 5, 0 ], [ 0, 0, 12, 0, 0, 0, 0 ],
      [ 0, 0, 0, 0, 0, 0, 12 ], [ 0, 1, 1, 0, 0, 0, 10 ], [ 0, 0, 0, 0, 1, 5, 6 ] ],
  [ [ 0, 0, 12, 0, 0, 0, 0 ], [ 0, 6, 0, 1, 0, 5, 0 ], [ 1, 0, 6, 0, 0, 5, 0 ], [ 0, 12, 0, 0, 0, 0, 0 ],
      [ 0, 0, 0, 0, 0, 0, 12 ], [ 0, 1, 1, 0, 0, 0, 10 ], [ 0, 0, 0, 0, 1, 5, 6 ] ],
  [ [ 0, 0, 0, 1, 0, 0, 0 ], [ 0, 0, 1, 0, 0, 0, 0 ], [ 0, 1, 0, 0, 0, 0, 0 ], [ 1, 0, 0, 0, 0, 0, 0 ],
      [ 0, 0, 0, 0, 1, 0, 0 ], [ 0, 0, 0, 0, 0, 1, 0 ], [ 0, 0, 0, 0, 0, 0, 1 ] ],
  [ [ 0, 0, 0, 0, 10, 0, 0 ], [ 0, 0, 0, 0, 0, 0, 10 ], [ 0, 0, 0, 0, 0, 0, 10 ], [ 0, 0, 0, 0, 10, 0, 0 ],
      [ 1, 0, 0, 1, 8, 0, 0 ], [ 0, 0, 0, 0, 0, 10, 0 ], [ 0, 1, 1, 0, 0, 0, 8 ] ],
  [ [ 0, 0, 0, 0, 0, 60, 0 ], [ 0, 5, 5, 0, 0, 0, 50 ], [ 0, 5, 5, 0, 0, 0, 50 ], [ 0, 0, 0, 0, 0, 60, 0 ],
      [ 0, 0, 0, 0, 0, 60, 0 ], [ 1, 0, 0, 1, 10, 48, 0 ], [ 0, 5, 5, 0, 0, 0, 50 ] ],
  [ [ 0, 0, 0, 0, 0, 0, 120 ], [ 0, 0, 0, 0, 10, 50, 60 ], [ 0, 0, 0, 0, 10, 50, 60 ], [ 0, 0, 0, 0, 0, 0, 120 ],
      [ 0, 12, 12, 0, 0, 0, 96 ], [ 0, 10, 10, 0, 0, 0, 100 ], [ 1, 6, 6, 1, 8, 50, 48 ] ] ]