 degree:12
 order:80
[ 12, 12, 3, 12, 16, 24 ][ 4, 12, 0, 0, 2, 0, 0, 6, 0, 0, 0, 0, 0, 6, 4 ]
minimal polynomial:
[ x-12, x, x+12, x^2-48, x^2-24 ]1
[ x-12, x-4, x, x+8 ]
[ x-3, x+1 ]
[ x-12, x, x+12, x^2-48, x^2-24 ]
[ x-16, x, x+16, x^2-96 ]
[ x-24, x-4, x, x+8 ]

 SITA: 

[ [ [ 1, 0, 0, 0, 0, 0, 0 ], [ 0, 1, 0, 0, 0, 0, 0 ], [ 0, 0, 1, 0, 0, 0, 0 ], [ 0, 0, 0, 1, 0, 0, 0 ],
      [ 0, 0, 0, 0, 1, 0, 0 ], [ 0, 0, 0, 0, 0, 1, 0 ], [ 0, 0, 0, 0, 0, 0, 1 ] ],
  [ [ 0, 12, 0, 0, 0, 0, 0 ], [ 1, 0, 4, 3, 0, 0, 4 ], [ 0, 4, 0, 0, 0, 8, 0 ], [ 0, 12, 0, 0, 0, 0, 0 ],
      [ 0, 0, 0, 0, 0, 0, 12 ], [ 0, 0, 6, 0, 0, 0, 6 ], [ 0, 2, 0, 0, 6, 4, 0 ] ],
  [ [ 0, 0, 12, 0, 0, 0, 0 ], [ 0, 4, 0, 0, 0, 8, 0 ], [ 1, 0, 0, 3, 0, 0, 8 ], [ 0, 0, 12, 0, 0, 0, 0 ],
      [ 0, 0, 0, 0, 4, 8, 0 ], [ 0, 6, 0, 0, 6, 0, 0 ], [ 0, 0, 4, 0, 0, 0, 8 ] ],
  [ [ 0, 0, 0, 3, 0, 0, 0 ], [ 0, 3, 0, 0, 0, 0, 0 ], [ 0, 0, 3, 0, 0, 0, 0 ], [ 1, 0, 0, 2, 0, 0, 0 ],
      [ 0, 0, 0, 0, 3, 0, 0 ], [ 0, 0, 0, 0, 0, 3, 0 ], [ 0, 0, 0, 0, 0, 0, 3 ] ],
  [ [ 0, 0, 0, 0, 12, 0, 0 ], [ 0, 0, 0, 0, 0, 0, 12 ], [ 0, 0, 0, 0, 4, 8, 0 ], [ 0, 0, 0, 0, 12, 0, 0 ],
      [ 1, 0, 4, 3, 0, 0, 4 ], [ 0, 0, 6, 0, 0, 0, 6 ], [ 0, 6, 0, 0, 2, 4, 0 ] ],
  [ [ 0, 0, 0, 0, 0, 16, 0 ], [ 0, 0, 8, 0, 0, 0, 8 ], [ 0, 8, 0, 0, 8, 0, 0 ], [ 0, 0, 0, 0, 0, 16, 0 ],
      [ 0, 0, 8, 0, 0, 0, 8 ], [ 1, 0, 0, 3, 0, 0, 12 ], [ 0, 4, 0, 0, 4, 8, 0 ] ],
  [ [ 0, 0, 0, 0, 0, 0, 24 ], [ 0, 4, 0, 0, 12, 8, 0 ], [ 0, 0, 8, 0, 0, 0, 16 ], [ 0, 0, 0, 0, 0, 0, 24 ],
      [ 0, 12, 0, 0, 4, 8, 0 ], [ 0, 6, 0, 0, 6, 12, 0 ], [ 1, 0, 8, 3, 0, 0, 12 ] ] ]