 degree:12
 order:88
[ 12, 12, 3, 12, 12, 36 ][ 1, 4, 4, 2, 1, 8, 2, 4, 1, 0, 0, 0, 0, 2, 2 ]
minimal polynomial:
[ x-12, x-4, x-3, x, x+4, x^2+9*x+12 ]1
[ x-12, x-4, x, x+3, x^2+9*x+12 ]
[ x-3, x+1 ]
[ x-12, x-2, x, x+4, x^2-2*x-32 ]
[ x-12, x-4, x, x+2, x^2-2*x-32 ]
[ x-36, x, x+12, x^2-6*x-24 ]

 SITA:

[ [ [ 1, 0, 0, 0, 0, 0, 0 ], [ 0, 1, 0, 0, 0, 0, 0 ], [ 0, 0, 1, 0, 0, 0, 0 ], [ 0, 0, 0, 1, 0, 0, 0 ],
      [ 0, 0, 0, 0, 1, 0, 0 ], [ 0, 0, 0, 0, 0, 1, 0 ], [ 0, 0, 0, 0, 0, 0, 1 ] ],
  [ [ 0, 12, 0, 0, 0, 0, 0 ], [ 1, 0, 1, 1, 4, 2, 3 ], [ 0, 1, 0, 2, 2, 4, 3 ], [ 0, 4, 8, 0, 0, 0, 0 ],
      [ 0, 4, 2, 0, 0, 0, 6 ], [ 0, 2, 4, 0, 0, 0, 6 ], [ 0, 1, 1, 0, 2, 2, 6 ] ],
  [ [ 0, 0, 12, 0, 0, 0, 0 ], [ 0, 1, 0, 2, 2, 4, 3 ], [ 1, 0, 1, 1, 4, 2, 3 ], [ 0, 8, 4, 0, 0, 0, 0 ],
      [ 0, 2, 4, 0, 0, 0, 6 ], [ 0, 4, 2, 0, 0, 0, 6 ], [ 0, 1, 1, 0, 2, 2, 6 ] ],
  [ [ 0, 0, 0, 3, 0, 0, 0 ], [ 0, 1, 2, 0, 0, 0, 0 ], [ 0, 2, 1, 0, 0, 0, 0 ], [ 1, 0, 0, 2, 0, 0, 0 ],
      [ 0, 0, 0, 0, 1, 2, 0 ], [ 0, 0, 0, 0, 2, 1, 0 ], [ 0, 0, 0, 0, 0, 0, 3 ] ],
  [ [ 0, 0, 0, 0, 12, 0, 0 ], [ 0, 4, 2, 0, 0, 0, 6 ], [ 0, 2, 4, 0, 0, 0, 6 ], [ 0, 0, 0, 0, 4, 8, 0 ],
      [ 1, 0, 0, 1, 1, 3, 6 ], [ 0, 0, 0, 2, 3, 1, 6 ], [ 0, 2, 2, 0, 2, 2, 4 ] ],
  [ [ 0, 0, 0, 0, 0, 12, 0 ], [ 0, 2, 4, 0, 0, 0, 6 ], [ 0, 4, 2, 0, 0, 0, 6 ], [ 0, 0, 0, 0, 8, 4, 0 ],
      [ 0, 0, 0, 2, 3, 1, 6 ], [ 1, 0, 0, 1, 1, 3, 6 ], [ 0, 2, 2, 0, 2, 2, 4 ] ],
  [ [ 0, 0, 0, 0, 0, 0, 36 ], [ 0, 3, 3, 0, 6, 6, 18 ], [ 0, 3, 3, 0, 6, 6, 18 ], [ 0, 0, 0, 0, 0, 0, 36 ],
      [ 0, 6, 6, 0, 6, 6, 12 ], [ 0, 6, 6, 0, 6, 6, 12 ], [ 1, 6, 6, 3, 4, 4, 12 ] ] ]