 degree:12
 order:90
[ 12, 6, 2, 9, 24, 36 ][ 4, 0, 0, 0, 3, 0, 0, 2, 0, 0, 1, 0, 0, 3, 6 ]
minimal polynomial:
[ x-12, x-3, x, x+3, x+12, x^2-12 ]1
[ x-6, x, x+3 ]
[ x-2, x+1 ]
[ x-9, x, x+9 ]
[ x-24, x-6, x, x+6, x+24, x^2-12 ]
[ x-36, x, x+9 ]

 SITA:


[ [ [ 1, 0, 0, 0, 0, 0, 0 ], [ 0, 1, 0, 0, 0, 0, 0 ], [ 0, 0, 1, 0, 0, 0, 0 ], [ 0, 0, 0, 1, 0, 0, 0 ],
      [ 0, 0, 0, 0, 1, 0, 0 ], [ 0, 0, 0, 0, 0, 1, 0 ], [ 0, 0, 0, 0, 0, 0, 1 ] ],
  [ [ 0, 12, 0, 0, 0, 0, 0 ], [ 1, 0, 2, 0, 0, 0, 9 ], [ 0, 4, 0, 0, 0, 8, 0 ], [ 0, 0, 0, 0, 0, 12, 0 ],
      [ 0, 0, 0, 0, 0, 0, 12 ], [ 0, 0, 2, 1, 0, 0, 9 ], [ 0, 3, 0, 0, 3, 6, 0 ] ],
  [ [ 0, 0, 6, 0, 0, 0, 0 ], [ 0, 2, 0, 0, 0, 4, 0 ], [ 1, 0, 3, 2, 0, 0, 0 ], [ 0, 0, 6, 0, 0, 0, 0 ],
      [ 0, 0, 0, 0, 6, 0, 0 ], [ 0, 2, 0, 0, 0, 4, 0 ], [ 0, 0, 0, 0, 0, 0, 6 ] ],
  [ [ 0, 0, 0, 2, 0, 0, 0 ], [ 0, 0, 0, 0, 0, 2, 0 ], [ 0, 0, 2, 0, 0, 0, 0 ], [ 1, 0, 0, 1, 0, 0, 0 ],
      [ 0, 0, 0, 0, 2, 0, 0 ], [ 0, 1, 0, 0, 0, 1, 0 ], [ 0, 0, 0, 0, 0, 0, 2 ] ],
  [ [ 0, 0, 0, 0, 9, 0, 0 ], [ 0, 0, 0, 0, 0, 0, 9 ], [ 0, 0, 0, 0, 9, 0, 0 ], [ 0, 0, 0, 0, 9, 0, 0 ],
      [ 1, 0, 6, 2, 0, 0, 0 ], [ 0, 0, 0, 0, 0, 0, 9 ], [ 0, 3, 0, 0, 0, 6, 0 ] ],
  [ [ 0, 0, 0, 0, 0, 24, 0 ], [ 0, 0, 4, 2, 0, 0, 18 ], [ 0, 8, 0, 0, 0, 16, 0 ], [ 0, 12, 0, 0, 0, 12, 0 ],
      [ 0, 0, 0, 0, 0, 0, 24 ], [ 1, 0, 4, 1, 0, 0, 18 ], [ 0, 6, 0, 0, 6, 12, 0 ] ],
  [ [ 0, 0, 0, 0, 0, 0, 36 ], [ 0, 9, 0, 0, 9, 18, 0 ], [ 0, 0, 0, 0, 0, 0, 36 ], [ 0, 0, 0, 0, 0, 0, 36 ],
      [ 0, 12, 0, 0, 0, 24, 0 ], [ 0, 9, 0, 0, 9, 18, 0 ], [ 1, 0, 6, 2, 0, 0, 27 ] ] ]