 degree:12
 order:72
[ 12, 12, 2, 3, 21, 21 ][ 2, 12, 0, 4, 0, 0, 12, 0, 4, 0, 0, 0, 0, 0, 8 ]

minimal polynomial:
[ x-12, x-6, x-4, x, x+4, x+6, x+12 ]
[ x-12, x-4, x, x+6 ]
[ x-2, x+1 ]
[ x-3, x, x+3 ]
[ x-21, x-3, x, x+7 ]
[ x-21, x-7, x-3, x, x+3, x+7, x+21 ]

 SITA: 

[ [ [ 1, 0, 0, 0, 0, 0, 0 ], [ 0, 1, 0, 0, 0, 0, 0 ], [ 0, 0, 1, 0, 0, 0, 0 ], [ 0, 0, 0, 1, 0, 0, 0 ],
      [ 0, 0, 0, 0, 1, 0, 0 ], [ 0, 0, 0, 0, 0, 1, 0 ], [ 0, 0, 0, 0, 0, 0, 1 ] ],
  [ [ 0, 12, 0, 0, 0, 0, 0 ], [ 1, 0, 2, 2, 0, 7, 0 ], [ 0, 2, 0, 0, 3, 0, 7 ], [ 0, 12, 0, 0, 0, 0, 0 ],
      [ 0, 0, 12, 0, 0, 0, 0 ], [ 0, 4, 0, 0, 0, 0, 8 ], [ 0, 0, 4, 0, 0, 8, 0 ] ],
  [ [ 0, 0, 12, 0, 0, 0, 0 ], [ 0, 2, 0, 0, 3, 0, 7 ], [ 1, 0, 2, 2, 0, 7, 0 ], [ 0, 0, 12, 0, 0, 0, 0 ],
      [ 0, 12, 0, 0, 0, 0, 0 ], [ 0, 0, 4, 0, 0, 8, 0 ], [ 0, 4, 0, 0, 0, 0, 8 ] ],
  [ [ 0, 0, 0, 2, 0, 0, 0 ], [ 0, 2, 0, 0, 0, 0, 0 ], [ 0, 0, 2, 0, 0, 0, 0 ], [ 1, 0, 0, 1, 0, 0, 0 ],
      [ 0, 0, 0, 0, 2, 0, 0 ], [ 0, 0, 0, 0, 0, 2, 0 ], [ 0, 0, 0, 0, 0, 0, 2 ] ],
  [ [ 0, 0, 0, 0, 3, 0, 0 ], [ 0, 0, 3, 0, 0, 0, 0 ], [ 0, 3, 0, 0, 0, 0, 0 ], [ 0, 0, 0, 0, 3, 0, 0 ],
      [ 1, 0, 0, 2, 0, 0, 0 ], [ 0, 0, 0, 0, 0, 0, 3 ], [ 0, 0, 0, 0, 0, 3, 0 ] ],
  [ [ 0, 0, 0, 0, 0, 21, 0 ], [ 0, 7, 0, 0, 0, 0, 14 ], [ 0, 0, 7, 0, 0, 14, 0 ], [ 0, 0, 0, 0, 0, 21, 0 ],
      [ 0, 0, 0, 0, 0, 0, 21 ], [ 1, 0, 8, 2, 0, 10, 0 ], [ 0, 8, 0, 0, 3, 0, 10 ] ],
  [ [ 0, 0, 0, 0, 0, 0, 21 ], [ 0, 0, 7, 0, 0, 14, 0 ], [ 0, 7, 0, 0, 0, 0, 14 ], [ 0, 0, 0, 0, 0, 0, 21 ],
      [ 0, 0, 0, 0, 0, 21, 0 ], [ 0, 8, 0, 0, 3, 0, 10 ], [ 1, 0, 8, 2, 0, 10, 0 ] ] ]