 degree:12
 order:204
[ 12, 27, 2, 36, 54, 72 ][ 4, 12, 0, 0, 0, 0, 0, 4, 0, 0, 0, 0, 0, 6, 6 ]
minimal polynomial:
[ x-12, x, x+12, x^2-72, x^2-8 ]1
[ x-27, x-9, x, x+7 ]
[ x-2, x+1 ]
[ x-36, x, x+36, x^2-72 ]
[ x-54, x, x+54, x^2-128 ]
[ x-72, x-4, x, x+12 ]

 SITA:

[ [ [ 1, 0, 0, 0, 0, 0, 0 ], [ 0, 1, 0, 0, 0, 0, 0 ], [ 0, 0, 1, 0, 0, 0, 0 ], [ 0, 0, 0, 1, 0, 0, 0 ],[ 0, 0, 0, 0, 1, 0, 0 ], [ 0, 0, 0, 0, 0, 1, 0 ], [ 0, 0, 0, 0, 0, 0, 1 ] ],
  [ [ 0, 12, 0, 0, 0, 0, 0 ], [ 1, 0, 9, 2, 0, 0, 0 ], [ 0, 4, 0, 0, 0, 8, 0 ], [ 0, 12, 0, 0, 0, 0, 0 ],[ 0, 0, 0, 0, 0, 0, 12 ], [ 0, 0, 4, 0, 0, 0, 8 ], [ 0, 0, 0, 0, 6, 6, 0 ] ],
  [ [ 0, 0, 27, 0, 0, 0, 0 ], [ 0, 9, 0, 0, 0, 18, 0 ], [ 1, 0, 8, 2, 0, 0, 16 ], [ 0, 0, 27, 0, 0, 0, 0 ],[ 0, 0, 0, 0, 9, 18, 0 ], [ 0, 4, 0, 0, 12, 11, 0 ], [ 0, 0, 6, 0, 0, 0, 21 ] ],
  [ [ 0, 0, 0, 2, 0, 0, 0 ], [ 0, 2, 0, 0, 0, 0, 0 ], [ 0, 0, 2, 0, 0, 0, 0 ], [ 1, 0, 0, 1, 0, 0, 0 ],[ 0, 0, 0, 0, 2, 0, 0 ], [ 0, 0, 0, 0, 0, 2, 0 ], [ 0, 0, 0, 0, 0, 0, 2 ] ],
  [ [ 0, 0, 0, 0, 36, 0, 0 ], [ 0, 0, 0, 0, 0, 0, 36 ], [ 0, 0, 0, 0, 12, 24, 0 ], [ 0, 0, 0, 0, 36, 0, 0 ],[ 1, 0, 9, 2, 0, 0, 24 ], [ 0, 0, 12, 0, 0, 0, 24 ], [ 0, 6, 0, 0, 12, 18, 0 ] ],
  [ [ 0, 0, 0, 0, 0, 54, 0 ], [ 0, 0, 18, 0, 0, 0, 36 ], [ 0, 8, 0, 0, 24, 22, 0 ], [ 0, 0, 0, 0, 0, 54, 0 ],[ 0, 0, 18, 0, 0, 0, 36 ], [ 1, 0, 11, 2, 0, 0, 40 ], [ 0, 6, 0, 0, 18, 30, 0 ] ],
  [ [ 0, 0, 0, 0, 0, 0, 72 ], [ 0, 0, 0, 0, 36, 36, 0 ], [ 0, 0, 16, 0, 0, 0, 56 ], [ 0, 0, 0, 0, 0, 0, 72 ],[ 0, 12, 0, 0, 24, 36, 0 ], [ 0, 8, 0, 0, 24, 40, 0 ], [ 1, 0, 21, 2, 0, 0, 48 ] ] ]