 degree:12
 order:128
[ 12, 3, 12, 30, 30, 40 ][ 4, 0, 0, 4, 0, 2, 0, 0, 0, 0, 4, 0, 0, 9, 3 ]
minimal polynomial:
[ x-12, x, x+12, x^2-80, x^2-8 ]1
[ x-3, x+1 ]
[ x-12, x, x+12, x^2-80, x^2-8 ]
[ x-30, x-2, x, x+18 ]
[ x-30, x-14, x, x+6 ]
[ x-40, x, x+40, x^2-320 ]

 SITA: 

[ [ [ 1, 0, 0, 0, 0, 0, 0 ], [ 0, 1, 0, 0, 0, 0, 0 ], [ 0, 0, 1, 0, 0, 0, 0 ], [ 0, 0, 0, 1, 0, 0, 0 ],
      [ 0, 0, 0, 0, 1, 0, 0 ], [ 0, 0, 0, 0, 0, 1, 0 ], [ 0, 0, 0, 0, 0, 0, 1 ] ],
  [ [ 0, 12, 0, 0, 0, 0, 0 ], [ 1, 0, 1, 0, 0, 10, 0 ], [ 0, 4, 0, 8, 0, 0, 0 ], [ 0, 0, 2, 0, 0, 10, 0 ],
      [ 0, 0, 0, 0, 0, 0, 12 ], [ 0, 4, 0, 4, 0, 0, 4 ], [ 0, 0, 0, 0, 9, 3, 0 ] ],
  [ [ 0, 0, 3, 0, 0, 0, 0 ], [ 0, 1, 0, 2, 0, 0, 0 ], [ 1, 0, 2, 0, 0, 0, 0 ], [ 0, 2, 0, 1, 0, 0, 0 ],
      [ 0, 0, 0, 0, 3, 0, 0 ], [ 0, 0, 0, 0, 0, 3, 0 ], [ 0, 0, 0, 0, 0, 0, 3 ] ],
  [ [ 0, 0, 0, 12, 0, 0, 0 ], [ 0, 0, 2, 0, 0, 10, 0 ], [ 0, 8, 0, 4, 0, 0, 0 ], [ 1, 0, 1, 0, 0, 10, 0 ],
      [ 0, 0, 0, 0, 0, 0, 12 ], [ 0, 4, 0, 4, 0, 0, 4 ], [ 0, 0, 0, 0, 9, 3, 0 ] ],
  [ [ 0, 0, 0, 0, 30, 0, 0 ], [ 0, 0, 0, 0, 0, 0, 30 ], [ 0, 0, 0, 0, 30, 0, 0 ], [ 0, 0, 0, 0, 0, 0, 30 ],
      [ 1, 0, 3, 0, 5, 21, 0 ], [ 0, 0, 0, 0, 21, 9, 0 ], [ 0, 9, 0, 9, 0, 0, 12 ] ],
  [ [ 0, 0, 0, 0, 0, 30, 0 ], [ 0, 10, 0, 10, 0, 0, 10 ], [ 0, 0, 0, 0, 0, 30, 0 ], [ 0, 10, 0, 10, 0, 0, 10 ],
      [ 0, 0, 0, 0, 21, 9, 0 ], [ 1, 0, 3, 0, 9, 17, 0 ], [ 0, 3, 0, 3, 0, 0, 24 ] ],
  [ [ 0, 0, 0, 0, 0, 0, 40 ], [ 0, 0, 0, 0, 30, 10, 0 ], [ 0, 0, 0, 0, 0, 0, 40 ], [ 0, 0, 0, 0, 30, 10, 0 ],
      [ 0, 12, 0, 12, 0, 0, 16 ], [ 0, 4, 0, 4, 0, 0, 32 ], [ 1, 0, 3, 0, 12, 24, 0 ] ] ]