 degree:12
 order:96
[ 12, 3, 4, 12, 24, 40 ][ 4, 0, 0, 0, 3, 0, 2, 0, 0, 0, 2, 0, 0, 3, 6 ]
minimal polynomial:
[ x-12, x, x+12, x^2-24, x^2-8 ]1
[ x-3, x+1 ]
[ x-4, x, x+4 ]
[ x-12, x, x+12, x^2-24, x^2-8 ]
[ x-24, x, x+24, x^2-96 ]
[ x-40, x, x+8 ]

 SITA:



[ [ [ 1, 0, 0, 0, 0, 0, 0 ], [ 0, 1, 0, 0, 0, 0, 0 ], [ 0, 0, 1, 0, 0, 0, 0 ], [ 0, 0, 0, 1, 0, 0, 0 ],
      [ 0, 0, 0, 0, 1, 0, 0 ], [ 0, 0, 0, 0, 0, 1, 0 ], [ 0, 0, 0, 0, 0, 0, 1 ] ],
  [ [ 0, 12, 0, 0, 0, 0, 0 ], [ 1, 0, 1, 0, 0, 0, 10 ], [ 0, 4, 0, 0, 8, 0, 0 ], [ 0, 0, 0, 0, 0, 12, 0 ],
      [ 0, 0, 2, 0, 0, 0, 10 ], [ 0, 0, 0, 2, 0, 0, 10 ], [ 0, 3, 0, 0, 3, 6, 0 ] ],
  [ [ 0, 0, 3, 0, 0, 0, 0 ], [ 0, 1, 0, 0, 2, 0, 0 ], [ 1, 0, 2, 0, 0, 0, 0 ], [ 0, 0, 0, 3, 0, 0, 0 ],
      [ 0, 2, 0, 0, 1, 0, 0 ], [ 0, 0, 0, 0, 0, 3, 0 ], [ 0, 0, 0, 0, 0, 0, 3 ] ],
  [ [ 0, 0, 0, 4, 0, 0, 0 ], [ 0, 0, 0, 0, 0, 4, 0 ], [ 0, 0, 0, 4, 0, 0, 0 ], [ 1, 0, 3, 0, 0, 0, 0 ],
      [ 0, 0, 0, 0, 0, 4, 0 ], [ 0, 2, 0, 0, 2, 0, 0 ], [ 0, 0, 0, 0, 0, 0, 4 ] ],
  [ [ 0, 0, 0, 0, 12, 0, 0 ], [ 0, 0, 2, 0, 0, 0, 10 ], [ 0, 8, 0, 0, 4, 0, 0 ], [ 0, 0, 0, 0, 0, 12, 0 ],
      [ 1, 0, 1, 0, 0, 0, 10 ], [ 0, 0, 0, 2, 0, 0, 10 ], [ 0, 3, 0, 0, 3, 6, 0 ] ],
  [ [ 0, 0, 0, 0, 0, 24, 0 ], [ 0, 0, 0, 4, 0, 0, 20 ], [ 0, 0, 0, 0, 0, 24, 0 ], [ 0, 12, 0, 0, 12, 0, 0 ],
      [ 0, 0, 0, 4, 0, 0, 20 ], [ 1, 0, 3, 0, 0, 0, 20 ], [ 0, 6, 0, 0, 6, 12, 0 ] ],
  [ [ 0, 0, 0, 0, 0, 0, 40 ], [ 0, 10, 0, 0, 10, 20, 0 ], [ 0, 0, 0, 0, 0, 0, 40 ], [ 0, 0, 0, 0, 0, 0, 40 ],
      [ 0, 10, 0, 0, 10, 20, 0 ], [ 0, 10, 0, 0, 10, 20, 0 ], [ 1, 0, 3, 4, 0, 0, 32 ] ] ]