 degree:12
 order:252
[ 12, 12, 5, 54, 60, 108 ][ 2, 0, 0, 0, 1, 0, 0, 2, 0, 0, 1, 0, 0, 6, 5 ]
minimal polynomial:
[ x-12, x, x+12, x^2-18, x^2-12 ]1
[ x-12, x, x+6 ]
[ x-5, x+1 ]
[ x-54, x, x+54, x^2-648 ]
[ x-60, x, x+60, x^2-450, x^2-12 ]
[ x-108, x, x+18 ]

 SITA:


[ [ [ 1, 0, 0, 0, 0, 0, 0 ], [ 0, 1, 0, 0, 0, 0, 0 ], [ 0, 0, 1, 0, 0, 0, 0 ], [ 0, 0, 0, 1, 0, 0, 0 ],
      [ 0, 0, 0, 0, 1, 0, 0 ], [ 0, 0, 0, 0, 0, 1, 0 ], [ 0, 0, 0, 0, 0, 0, 1 ] ],
  [ [ 0, 12, 0, 0, 0, 0, 0 ], [ 1, 0, 2, 0, 0, 0, 9 ], [ 0, 2, 0, 0, 0, 10, 0 ], [ 0, 0, 0, 0, 0, 12, 0 ],
      [ 0, 0, 0, 0, 0, 0, 12 ], [ 0, 0, 2, 1, 0, 0, 9 ], [ 0, 1, 0, 0, 6, 5, 0 ] ],
  [ [ 0, 0, 12, 0, 0, 0, 0 ], [ 0, 2, 0, 0, 0, 10, 0 ], [ 1, 0, 6, 5, 0, 0, 0 ], [ 0, 0, 12, 0, 0, 0, 0 ],
      [ 0, 0, 0, 0, 12, 0, 0 ], [ 0, 2, 0, 0, 0, 10, 0 ], [ 0, 0, 0, 0, 0, 0, 12 ] ],
  [ [ 0, 0, 0, 5, 0, 0, 0 ], [ 0, 0, 0, 0, 0, 5, 0 ], [ 0, 0, 5, 0, 0, 0, 0 ], [ 1, 0, 0, 4, 0, 0, 0 ],
      [ 0, 0, 0, 0, 5, 0, 0 ], [ 0, 1, 0, 0, 0, 4, 0 ], [ 0, 0, 0, 0, 0, 0, 5 ] ],
  [ [ 0, 0, 0, 0, 54, 0, 0 ], [ 0, 0, 0, 0, 0, 0, 54 ], [ 0, 0, 0, 0, 54, 0, 0 ], [ 0, 0, 0, 0, 54, 0, 0 ],
      [ 1, 0, 12, 5, 0, 0, 36 ], [ 0, 0, 0, 0, 0, 0, 54 ], [ 0, 6, 0, 0, 18, 30, 0 ] ],
  [ [ 0, 0, 0, 0, 0, 60, 0 ], [ 0, 0, 10, 5, 0, 0, 45 ], [ 0, 10, 0, 0, 0, 50, 0 ], [ 0, 12, 0, 0, 0, 48, 0 ],
      [ 0, 0, 0, 0, 0, 0, 60 ], [ 1, 0, 10, 4, 0, 0, 45 ], [ 0, 5, 0, 0, 30, 25, 0 ] ],
  [ [ 0, 0, 0, 0, 0, 0, 108 ], [ 0, 9, 0, 0, 54, 45, 0 ], [ 0, 0, 0, 0, 0, 0, 108 ], [ 0, 0, 0, 0, 0, 0, 108 ],
      [ 0, 12, 0, 0, 36, 60, 0 ], [ 0, 9, 0, 0, 54, 45, 0 ], [ 1, 0, 12, 5, 0, 0, 90 ] ] ]