 degree:12
 order:108
[ 12, 12, 1, 4, 30, 48 ][ 6, 0, 0, 2, 0, 12, 0, 2, 0, 0, 0, 0, 0, 1, 5 ]
minimal polynomial:
[ x-12, x, x+6, x^2-6*x-12, x^2+6*x-12 ]1
[ x-12, x, x+6, x^2-6*x-12 ]
[ x-1, x+1 ]
[ x-4, x, x+2 ]
[ x-30, x, x+6 ]
[ x-48, x, x+24, x^2+12*x-48 ]

 SITA:


[ [ [ 1, 0, 0, 0, 0, 0, 0 ], [ 0, 1, 0, 0, 0, 0, 0 ], [ 0, 0, 1, 0, 0, 0, 0 ], [ 0, 0, 0, 1, 0, 0, 0 ],
      [ 0, 0, 0, 0, 1, 0, 0 ], [ 0, 0, 0, 0, 0, 1, 0 ], [ 0, 0, 0, 0, 0, 0, 1 ] ],
  [ [ 0, 12, 0, 0, 0, 0, 0 ], [ 1, 0, 6, 0, 0, 5, 0 ], [ 0, 6, 0, 1, 0, 5, 0 ], [ 0, 0, 12, 0, 0, 0, 0 ],
      [ 0, 0, 0, 0, 0, 0, 12 ], [ 0, 2, 2, 0, 0, 0, 8 ], [ 0, 0, 0, 0, 1, 5, 6 ] ],
  [ [ 0, 0, 12, 0, 0, 0, 0 ], [ 0, 6, 0, 1, 0, 5, 0 ], [ 1, 0, 6, 0, 0, 5, 0 ], [ 0, 12, 0, 0, 0, 0, 0 ],
      [ 0, 0, 0, 0, 0, 0, 12 ], [ 0, 2, 2, 0, 0, 0, 8 ], [ 0, 0, 0, 0, 1, 5, 6 ] ],
  [ [ 0, 0, 0, 1, 0, 0, 0 ], [ 0, 0, 1, 0, 0, 0, 0 ], [ 0, 1, 0, 0, 0, 0, 0 ], [ 1, 0, 0, 0, 0, 0, 0 ],
      [ 0, 0, 0, 0, 1, 0, 0 ], [ 0, 0, 0, 0, 0, 1, 0 ], [ 0, 0, 0, 0, 0, 0, 1 ] ],
  [ [ 0, 0, 0, 0, 4, 0, 0 ], [ 0, 0, 0, 0, 0, 0, 4 ], [ 0, 0, 0, 0, 0, 0, 4 ], [ 0, 0, 0, 0, 4, 0, 0 ],
      [ 1, 0, 0, 1, 2, 0, 0 ], [ 0, 0, 0, 0, 0, 4, 0 ], [ 0, 1, 1, 0, 0, 0, 2 ] ],
  [ [ 0, 0, 0, 0, 0, 30, 0 ], [ 0, 5, 5, 0, 0, 0, 20 ], [ 0, 5, 5, 0, 0, 0, 20 ], [ 0, 0, 0, 0, 0, 30, 0 ],
      [ 0, 0, 0, 0, 0, 30, 0 ], [ 1, 0, 0, 1, 4, 24, 0 ], [ 0, 5, 5, 0, 0, 0, 20 ] ],
  [ [ 0, 0, 0, 0, 0, 0, 48 ], [ 0, 0, 0, 0, 4, 20, 24 ], [ 0, 0, 0, 0, 4, 20, 24 ], [ 0, 0, 0, 0, 0, 0, 48 ],
      [ 0, 12, 12, 0, 0, 0, 24 ], [ 0, 8, 8, 0, 0, 0, 32 ], [ 1, 6, 6, 1, 2, 20, 12 ] ] ]
