 degree:12
 order:64
[ 12, 12, 1, 6, 8, 24 ][ 4, 12, 4, 0, 2, 0, 8, 0, 2, 0, 0, 0, 0, 0, 4 ]
minimal polynomial:
[ x-12, x, x+4, x^2-48, x^2+4*x-16 ]1
[ x-12, x, x+4, x^2-4*x-16, x^2-48 ]
[ x-1, x+1 ]
[ x-6, x, x+2 ]
[ x-8, x, x+8 ]
[ x-24, x, x+8, x^2-192 ]

 SITA:


[ [ [ 1, 0, 0, 0, 0, 0, 0 ], [ 0, 1, 0, 0, 0, 0, 0 ], [ 0, 0, 1, 0, 0, 0, 0 ], [ 0, 0, 0, 1, 0, 0, 0 ],
      [ 0, 0, 0, 0, 1, 0, 0 ], [ 0, 0, 0, 0, 0, 1, 0 ], [ 0, 0, 0, 0, 0, 0, 1 ] ],
  [ [ 0, 12, 0, 0, 0, 0, 0 ], [ 1, 0, 4, 1, 2, 0, 4 ], [ 0, 4, 0, 0, 4, 0, 4 ], [ 0, 12, 0, 0, 0, 0, 0 ],
      [ 0, 4, 8, 0, 0, 0, 0 ], [ 0, 0, 0, 0, 0, 0, 12 ], [ 0, 2, 2, 0, 0, 4, 4 ] ],
  [ [ 0, 0, 12, 0, 0, 0, 0 ], [ 0, 4, 0, 0, 4, 0, 4 ], [ 1, 0, 4, 1, 2, 0, 4 ], [ 0, 0, 12, 0, 0, 0, 0 ],
      [ 0, 8, 4, 0, 0, 0, 0 ], [ 0, 0, 0, 0, 0, 0, 12 ], [ 0, 2, 2, 0, 0, 4, 4 ] ],
  [ [ 0, 0, 0, 1, 0, 0, 0 ], [ 0, 1, 0, 0, 0, 0, 0 ], [ 0, 0, 1, 0, 0, 0, 0 ], [ 1, 0, 0, 0, 0, 0, 0 ],
      [ 0, 0, 0, 0, 1, 0, 0 ], [ 0, 0, 0, 0, 0, 1, 0 ], [ 0, 0, 0, 0, 0, 0, 1 ] ],
  [ [ 0, 0, 0, 0, 6, 0, 0 ], [ 0, 2, 4, 0, 0, 0, 0 ], [ 0, 4, 2, 0, 0, 0, 0 ], [ 0, 0, 0, 0, 6, 0, 0 ],
      [ 1, 0, 0, 1, 4, 0, 0 ], [ 0, 0, 0, 0, 0, 6, 0 ], [ 0, 0, 0, 0, 0, 0, 6 ] ],
  [ [ 0, 0, 0, 0, 0, 8, 0 ], [ 0, 0, 0, 0, 0, 0, 8 ], [ 0, 0, 0, 0, 0, 0, 8 ], [ 0, 0, 0, 0, 0, 8, 0 ],
      [ 0, 0, 0, 0, 0, 8, 0 ], [ 1, 0, 0, 1, 6, 0, 0 ], [ 0, 4, 4, 0, 0, 0, 0 ] ],
  [ [ 0, 0, 0, 0, 0, 0, 24 ], [ 0, 4, 4, 0, 0, 8, 8 ], [ 0, 4, 4, 0, 0, 8, 8 ], [ 0, 0, 0, 0, 0, 0, 24 ],
      [ 0, 0, 0, 0, 0, 0, 24 ], [ 0, 12, 12, 0, 0, 0, 0 ], [ 1, 4, 4, 1, 6, 0, 8 ] ] ]