 degree:12
 order:88
[ 12, 3, 12, 12, 12, 36 ][ 4, 4, 2, 1, 1, 0, 0, 2, 0, 0, 2, 2, 4, 2, 1 ]
minimal polynomial:
[ x-12, x, x+6, x^2-2*x-6, x^2+4*x-24 ]1
[ x-24, x-6, x, x^2+2*x-6, x^2+8*x-96 ]
[ x-2, x+1 ]
[ x-9, x, x+3 ]
[ x-12, x, x+6, x^2-2*x-6, x^2+4*x-24 ]
[ x-24, x-6, x, x^2+2*x-6, x^2+8*x-96 ]

 SITA:


[ [ [ 1, 0, 0, 0, 0, 0, 0 ], [ 0, 1, 0, 0, 0, 0, 0 ], [ 0, 0, 1, 0, 0, 0, 0 ], [ 0, 0, 0, 1, 0, 0, 0 ],
      [ 0, 0, 0, 0, 1, 0, 0 ], [ 0, 0, 0, 0, 0, 1, 0 ], [ 0, 0, 0, 0, 0, 0, 1 ] ],
  [ [ 0, 12, 0, 0, 0, 0, 0 ], [ 1, 0, 1, 4, 2, 1, 3 ], [ 0, 4, 0, 0, 0, 8, 0 ], [ 0, 4, 0, 0, 0, 2, 6 ],
      [ 0, 2, 0, 0, 0, 4, 6 ], [ 0, 1, 2, 2, 4, 0, 3 ], [ 0, 1, 0, 2, 2, 1, 6 ] ],
  [ [ 0, 0, 3, 0, 0, 0, 0 ], [ 0, 1, 0, 0, 0, 2, 0 ], [ 1, 0, 2, 0, 0, 0, 0 ], [ 0, 0, 0, 1, 2, 0, 0 ],
      [ 0, 0, 0, 2, 1, 0, 0 ], [ 0, 2, 0, 0, 0, 1, 0 ], [ 0, 0, 0, 0, 0, 0, 3 ] ],
  [ [ 0, 0, 0, 12, 0, 0, 0 ], [ 0, 4, 0, 0, 0, 2, 6 ], [ 0, 0, 0, 4, 8, 0, 0 ], [ 1, 0, 1, 1, 3, 0, 6 ],
      [ 0, 0, 2, 3, 1, 0, 6 ], [ 0, 2, 0, 0, 0, 4, 6 ], [ 0, 2, 0, 2, 2, 2, 4 ] ],
  [ [ 0, 0, 0, 0, 12, 0, 0 ], [ 0, 2, 0, 0, 0, 4, 6 ], [ 0, 0, 0, 8, 4, 0, 0 ], [ 0, 0, 2, 3, 1, 0, 6 ],
      [ 1, 0, 1, 1, 3, 0, 6 ], [ 0, 4, 0, 0, 0, 2, 6 ], [ 0, 2, 0, 2, 2, 2, 4 ] ],
  [ [ 0, 0, 0, 0, 0, 12, 0 ], [ 0, 1, 2, 2, 4, 0, 3 ], [ 0, 8, 0, 0, 0, 4, 0 ], [ 0, 2, 0, 0, 0, 4, 6 ],
      [ 0, 4, 0, 0, 0, 2, 6 ], [ 1, 0, 1, 4, 2, 1, 3 ], [ 0, 1, 0, 2, 2, 1, 6 ] ],
  [ [ 0, 0, 0, 0, 0, 0, 36 ], [ 0, 3, 0, 6, 6, 3, 18 ], [ 0, 0, 0, 0, 0, 0, 36 ], [ 0, 6, 0, 6, 6, 6, 12 ],
      [ 0, 6, 0, 6, 6, 6, 12 ], [ 0, 3, 0, 6, 6, 3, 18 ], [ 1, 6, 3, 4, 4, 6, 12 ] ] ]