 degree:12
 order:52
[ 12, 12, 1, 2, 12, 12 ][ 5, 0, 0, 0, 6, 0, 6, 6, 0, 0, 1, 0, 0, 1, 5 ]
minimal polynomial:
[ x-12, x-1, x, x+1, x+12, x^2-13 ]1
[ x-12, x+1 ]
[ x-1, x+1 ]
[ x-2, x, x+2 ]
[ x-12, x-1, x, x+1, x+12, x^2-13 ]
[ x-12, x-1, x+1, x+12 ]

 SITA:

[ [ [ 1, 0, 0, 0, 0, 0, 0 ], [ 0, 1, 0, 0, 0, 0, 0 ], [ 0, 0, 1, 0, 0, 0, 0 ], [ 0, 0, 0, 1, 0, 0, 0 ],
      [ 0, 0, 0, 0, 1, 0, 0 ], [ 0, 0, 0, 0, 0, 1, 0 ], [ 0, 0, 0, 0, 0, 0, 1 ] ],
  [ [ 0, 12, 0, 0, 0, 0, 0 ], [ 1, 0, 5, 0, 0, 0, 6 ], [ 0, 5, 0, 0, 1, 6, 0 ], [ 0, 0, 0, 0, 0, 12, 0 ],
      [ 0, 0, 6, 0, 0, 0, 6 ], [ 0, 0, 6, 1, 0, 0, 5 ], [ 0, 6, 0, 0, 1, 5, 0 ] ],
  [ [ 0, 0, 12, 0, 0, 0, 0 ], [ 0, 5, 0, 0, 1, 6, 0 ], [ 1, 0, 11, 0, 0, 0, 0 ], [ 0, 0, 0, 0, 0, 0, 12 ],
      [ 0, 6, 0, 0, 0, 6, 0 ], [ 0, 6, 0, 0, 1, 5, 0 ], [ 0, 0, 0, 1, 0, 0, 11 ] ],
  [ [ 0, 0, 0, 1, 0, 0, 0 ], [ 0, 0, 0, 0, 0, 1, 0 ], [ 0, 0, 0, 0, 0, 0, 1 ], [ 1, 0, 0, 0, 0, 0, 0 ],
      [ 0, 0, 0, 0, 1, 0, 0 ], [ 0, 1, 0, 0, 0, 0, 0 ], [ 0, 0, 1, 0, 0, 0, 0 ] ],
  [ [ 0, 0, 0, 0, 2, 0, 0 ], [ 0, 0, 1, 0, 0, 0, 1 ], [ 0, 1, 0, 0, 0, 1, 0 ], [ 0, 0, 0, 0, 2, 0, 0 ],
      [ 1, 0, 0, 1, 0, 0, 0 ], [ 0, 0, 1, 0, 0, 0, 1 ], [ 0, 1, 0, 0, 0, 1, 0 ] ],
  [ [ 0, 0, 0, 0, 0, 12, 0 ], [ 0, 0, 6, 1, 0, 0, 5 ], [ 0, 6, 0, 0, 1, 5, 0 ], [ 0, 12, 0, 0, 0, 0, 0 ],
      [ 0, 0, 6, 0, 0, 0, 6 ], [ 1, 0, 5, 0, 0, 0, 6 ], [ 0, 5, 0, 0, 1, 6, 0 ] ],
  [ [ 0, 0, 0, 0, 0, 0, 12 ], [ 0, 6, 0, 0, 1, 5, 0 ], [ 0, 0, 0, 1, 0, 0, 11 ], [ 0, 0, 12, 0, 0, 0, 0 ],
      [ 0, 6, 0, 0, 0, 6, 0 ], [ 0, 5, 0, 0, 1, 6, 0 ], [ 1, 0, 11, 0, 0, 0, 0 ] ] ]

