 degree:12
 order:96
[ 12, 3, 8, 12, 12, 48 ][ 4, 0, 2, 8, 0, 0, 0, 2, 0, 0, 0, 2, 2, 2, 0 ]
minimal polynomial:
[ x-12, x, x+4, x^2-8*x-24, x^2+8*x-8 ]1
[ x-3, x+1 ]
[ x-8, x, x+4 ]
[ x-12, x, x+12 ]
[ x-12, x, x+4, x^2-8*x-24, x^2-8*x-8 ]
[ x-48, x, x+16, x^2+16*x-96 ]

 SITA:

[ [ [ 1, 0, 0, 0, 0, 0, 0 ], [ 0, 1, 0, 0, 0, 0, 0 ], [ 0, 0, 1, 0, 0, 0, 0 ], [ 0, 0, 0, 1, 0, 0, 0 ],
      [ 0, 0, 0, 0, 1, 0, 0 ], [ 0, 0, 0, 0, 0, 1, 0 ], [ 0, 0, 0, 0, 0, 0, 1 ] ],
  [ [ 0, 12, 0, 0, 0, 0, 0 ], [ 1, 0, 1, 0, 2, 8, 0 ], [ 0, 4, 0, 0, 0, 8, 0 ], [ 0, 0, 0, 0, 0, 0, 12 ],
      [ 0, 2, 0, 0, 0, 2, 8 ], [ 0, 8, 2, 0, 2, 0, 0 ], [ 0, 0, 0, 2, 2, 0, 8 ] ],
  [ [ 0, 0, 3, 0, 0, 0, 0 ], [ 0, 1, 0, 0, 0, 2, 0 ], [ 1, 0, 2, 0, 0, 0, 0 ], [ 0, 0, 0, 3, 0, 0, 0 ],
      [ 0, 0, 0, 0, 3, 0, 0 ], [ 0, 2, 0, 0, 0, 1, 0 ], [ 0, 0, 0, 0, 0, 0, 3 ] ],
  [ [ 0, 0, 0, 8, 0, 0, 0 ], [ 0, 0, 0, 0, 0, 0, 8 ], [ 0, 0, 0, 8, 0, 0, 0 ], [ 1, 0, 3, 4, 0, 0, 0 ],
      [ 0, 0, 0, 0, 8, 0, 0 ], [ 0, 0, 0, 0, 0, 0, 8 ], [ 0, 2, 0, 0, 0, 2, 4 ] ],
  [ [ 0, 0, 0, 0, 12, 0, 0 ], [ 0, 2, 0, 0, 0, 2, 8 ], [ 0, 0, 0, 0, 12, 0, 0 ], [ 0, 0, 0, 0, 12, 0, 0 ],
      [ 1, 0, 3, 8, 0, 0, 0 ], [ 0, 2, 0, 0, 0, 2, 8 ], [ 0, 2, 0, 0, 0, 2, 8 ] ],
  [ [ 0, 0, 0, 0, 0, 12, 0 ], [ 0, 8, 2, 0, 2, 0, 0 ], [ 0, 8, 0, 0, 0, 4, 0 ], [ 0, 0, 0, 0, 0, 0, 12 ],
      [ 0, 2, 0, 0, 0, 2, 8 ], [ 1, 0, 1, 0, 2, 8, 0 ], [ 0, 0, 0, 2, 2, 0, 8 ] ],
  [ [ 0, 0, 0, 0, 0, 0, 48 ], [ 0, 0, 0, 8, 8, 0, 32 ], [ 0, 0, 0, 0, 0, 0, 48 ], [ 0, 12, 0, 0, 0, 12, 24 ],
      [ 0, 8, 0, 0, 0, 8, 32 ], [ 0, 0, 0, 8, 8, 0, 32 ], [ 1, 8, 3, 4, 8, 8, 16 ] ] ]