 degree:12
 order:64
[ 12, 12, 1, 6, 8, 24 ][ 4, 0, 2, 3, 2, 12, 2, 3, 2, 0, 0, 0, 0, 2, 2 ]
minimal polynomial:
[ x-12, x-2, x, x+4, x+6, x^2-8 ]1
[ x-12, x-6, x, x+2, x+4, x^2-8 ]
[ x-1, x+1 ]
[ x-6, x, x+2 ]
[ x-8, x, x+8 ]
[ x-24, x, x+8, x^2-32 ]

 SITA:

[ [ [ 1, 0, 0, 0, 0, 0, 0 ], [ 0, 1, 0, 0, 0, 0, 0 ], [ 0, 0, 1, 0, 0, 0, 0 ], [ 0, 0, 0, 1, 0, 0, 0 ],
      [ 0, 0, 0, 0, 1, 0, 0 ], [ 0, 0, 0, 0, 0, 1, 0 ], [ 0, 0, 0, 0, 0, 0, 1 ] ],
  [ [ 0, 12, 0, 0, 0, 0, 0 ], [ 1, 0, 4, 0, 1, 2, 4 ], [ 0, 4, 0, 1, 1, 2, 4 ], [ 0, 0, 12, 0, 0, 0, 0 ],
      [ 0, 2, 2, 0, 0, 0, 8 ], [ 0, 3, 3, 0, 0, 0, 6 ], [ 0, 2, 2, 0, 2, 2, 4 ] ],
  [ [ 0, 0, 12, 0, 0, 0, 0 ], [ 0, 4, 0, 1, 1, 2, 4 ], [ 1, 0, 4, 0, 1, 2, 4 ], [ 0, 12, 0, 0, 0, 0, 0 ],
      [ 0, 2, 2, 0, 0, 0, 8 ], [ 0, 3, 3, 0, 0, 0, 6 ], [ 0, 2, 2, 0, 2, 2, 4 ] ],
  [ [ 0, 0, 0, 1, 0, 0, 0 ], [ 0, 0, 1, 0, 0, 0, 0 ], [ 0, 1, 0, 0, 0, 0, 0 ], [ 1, 0, 0, 0, 0, 0, 0 ],
      [ 0, 0, 0, 0, 1, 0, 0 ], [ 0, 0, 0, 0, 0, 1, 0 ], [ 0, 0, 0, 0, 0, 0, 1 ] ],
  [ [ 0, 0, 0, 0, 6, 0, 0 ], [ 0, 1, 1, 0, 0, 0, 4 ], [ 0, 1, 1, 0, 0, 0, 4 ], [ 0, 0, 0, 0, 6, 0, 0 ],
      [ 1, 0, 0, 1, 4, 0, 0 ], [ 0, 0, 0, 0, 0, 6, 0 ], [ 0, 2, 2, 0, 0, 0, 2 ] ],
  [ [ 0, 0, 0, 0, 0, 8, 0 ], [ 0, 2, 2, 0, 0, 0, 4 ], [ 0, 2, 2, 0, 0, 0, 4 ], [ 0, 0, 0, 0, 0, 8, 0 ],
      [ 0, 0, 0, 0, 0, 8, 0 ], [ 1, 0, 0, 1, 6, 0, 0 ], [ 0, 2, 2, 0, 0, 0, 4 ] ],
  [ [ 0, 0, 0, 0, 0, 0, 24 ], [ 0, 4, 4, 0, 4, 4, 8 ], [ 0, 4, 4, 0, 4, 4, 8 ], [ 0, 0, 0, 0, 0, 0, 24 ],
      [ 0, 8, 8, 0, 0, 0, 8 ], [ 0, 6, 6, 0, 0, 0, 12 ], [ 1, 4, 4, 1, 2, 4, 8 ] ] ]