 degree:12
 order:80
[ 12, 12, 1, 9, 9, 36 ][ 8, 0, 4, 0, 0, 12, 0, 4, 0, 0, 0, 0, 0, 2, 2 ]
minimal polynomial:
[ x-12, x, x+4, x^2-8*x-8, x^2+8*x-24 ]1
[ x-12, x, x+4, x^2-8*x-24, x^2-8*x-8 ]
[ x-1, x+1 ]
[ x-9, x-3, x+1, x+3 ]
[ x-9, x-3, x+1, x+3 ]
[ x-36, x, x+12, x^2+16*x-32 ]

 SITA: 


[ [ [ 1, 0, 0, 0, 0, 0, 0 ], [ 0, 1, 0, 0, 0, 0, 0 ], [ 0, 0, 1, 0, 0, 0, 0 ], [ 0, 0, 0, 1, 0, 0, 0 ],
      [ 0, 0, 0, 0, 1, 0, 0 ], [ 0, 0, 0, 0, 0, 1, 0 ], [ 0, 0, 0, 0, 0, 0, 1 ] ],
  [ [ 0, 12, 0, 0, 0, 0, 0 ], [ 1, 0, 8, 0, 3, 0, 0 ], [ 0, 8, 0, 1, 0, 3, 0 ], [ 0, 0, 12, 0, 0, 0, 0 ],
      [ 0, 4, 0, 0, 0, 0, 8 ], [ 0, 0, 4, 0, 0, 0, 8 ], [ 0, 0, 0, 0, 2, 2, 8 ] ],
  [ [ 0, 0, 12, 0, 0, 0, 0 ], [ 0, 8, 0, 1, 0, 3, 0 ], [ 1, 0, 8, 0, 3, 0, 0 ], [ 0, 12, 0, 0, 0, 0, 0 ],
      [ 0, 0, 4, 0, 0, 0, 8 ], [ 0, 4, 0, 0, 0, 0, 8 ], [ 0, 0, 0, 0, 2, 2, 8 ] ],
  [ [ 0, 0, 0, 1, 0, 0, 0 ], [ 0, 0, 1, 0, 0, 0, 0 ], [ 0, 1, 0, 0, 0, 0, 0 ], [ 1, 0, 0, 0, 0, 0, 0 ],
      [ 0, 0, 0, 0, 0, 1, 0 ], [ 0, 0, 0, 0, 1, 0, 0 ], [ 0, 0, 0, 0, 0, 0, 1 ] ],
  [ [ 0, 0, 0, 0, 9, 0, 0 ], [ 0, 3, 0, 0, 0, 0, 6 ], [ 0, 0, 3, 0, 0, 0, 6 ], [ 0, 0, 0, 0, 0, 9, 0 ],
      [ 1, 0, 0, 0, 4, 4, 0 ], [ 0, 0, 0, 1, 4, 4, 0 ], [ 0, 2, 2, 0, 0, 0, 5 ] ],
  [ [ 0, 0, 0, 0, 0, 9, 0 ], [ 0, 0, 3, 0, 0, 0, 6 ], [ 0, 3, 0, 0, 0, 0, 6 ], [ 0, 0, 0, 0, 9, 0, 0 ],
      [ 0, 0, 0, 1, 4, 4, 0 ], [ 1, 0, 0, 0, 4, 4, 0 ], [ 0, 2, 2, 0, 0, 0, 5 ] ],
  [ [ 0, 0, 0, 0, 0, 0, 36 ], [ 0, 0, 0, 0, 6, 6, 24 ], [ 0, 0, 0, 0, 6, 6, 24 ], [ 0, 0, 0, 0, 0, 0, 36 ],
      [ 0, 8, 8, 0, 0, 0, 20 ], [ 0, 8, 8, 0, 0, 0, 20 ], [ 1, 8, 8, 1, 5, 5, 8 ] ] ]