 degree:12
 order:88
[ 12, 15, 4, 12, 20, 24 ][ 4, 12, 0, 0, 1, 0, 10, 0, 0, 0, 0, 0, 0, 1, 10 ]
minimal polynomial:
[ x-12, x-10, x, x+10, x+12, x^2-40 ]1
[ x-15, x, x+5 ]
[ x-4, x+1 ]
[ x-12, x-10, x, x+10, x+12, x^2-40 ]
[ x-20, x, x+20 ]
[ x-24, x, x+20 ]

 SITA:

[ [ [ 1, 0, 0, 0, 0, 0, 0 ], [ 0, 1, 0, 0, 0, 0, 0 ], [ 0, 0, 1, 0, 0, 0, 0 ], [ 0, 0, 0, 1, 0, 0, 0 ],
      [ 0, 0, 0, 0, 1, 0, 0 ], [ 0, 0, 0, 0, 0, 1, 0 ], [ 0, 0, 0, 0, 0, 0, 1 ] ],
  [ [ 0, 12, 0, 0, 0, 0, 0 ], [ 1, 0, 5, 4, 0, 0, 2 ], [ 0, 4, 0, 0, 8, 0, 0 ], [ 0, 12, 0, 0, 0, 0, 0 ],
      [ 0, 0, 10, 0, 0, 0, 2 ], [ 0, 0, 0, 0, 0, 0, 12 ], [ 0, 1, 0, 0, 1, 10, 0 ] ],
  [ [ 0, 0, 15, 0, 0, 0, 0 ], [ 0, 5, 0, 0, 10, 0, 0 ], [ 1, 0, 10, 4, 0, 0, 0 ], [ 0, 0, 15, 0, 0, 0, 0 ],
      [ 0, 10, 0, 0, 5, 0, 0 ], [ 0, 0, 0, 0, 0, 15, 0 ], [ 0, 0, 0, 0, 0, 0, 15 ] ],
  [ [ 0, 0, 0, 4, 0, 0, 0 ], [ 0, 4, 0, 0, 0, 0, 0 ], [ 0, 0, 4, 0, 0, 0, 0 ], [ 1, 0, 0, 3, 0, 0, 0 ],
      [ 0, 0, 0, 0, 4, 0, 0 ], [ 0, 0, 0, 0, 0, 4, 0 ], [ 0, 0, 0, 0, 0, 0, 4 ] ],
  [ [ 0, 0, 0, 0, 12, 0, 0 ], [ 0, 0, 10, 0, 0, 0, 2 ], [ 0, 8, 0, 0, 4, 0, 0 ], [ 0, 0, 0, 0, 12, 0, 0 ],
      [ 1, 0, 5, 4, 0, 0, 2 ], [ 0, 0, 0, 0, 0, 0, 12 ], [ 0, 1, 0, 0, 1, 10, 0 ] ],
  [ [ 0, 0, 0, 0, 0, 20, 0 ], [ 0, 0, 0, 0, 0, 0, 20 ], [ 0, 0, 0, 0, 0, 20, 0 ], [ 0, 0, 0, 0, 0, 20, 0 ],
      [ 0, 0, 0, 0, 0, 0, 20 ], [ 1, 0, 15, 4, 0, 0, 0 ], [ 0, 10, 0, 0, 10, 0, 0 ] ],
  [ [ 0, 0, 0, 0, 0, 0, 24 ], [ 0, 2, 0, 0, 2, 20, 0 ], [ 0, 0, 0, 0, 0, 0, 24 ], [ 0, 0, 0, 0, 0, 0, 24 ],
      [ 0, 2, 0, 0, 2, 20, 0 ], [ 0, 12, 0, 0, 12, 0, 0 ], [ 1, 0, 15, 4, 0, 0, 4 ] ] ]