 degree:12
 order:80
[ 12, 12, 1, 6, 12, 36 ][ 2, 12, 4, 0, 2, 0, 8, 0, 2, 0, 0, 0, 0, 0, 4 ]
minimal polynomial:
[ x-12, x-6, x, x+4, x+8, x^2+2*x-16 ]1
[ x-12, x-6, x, x+4, x+8, x^2-2*x-16 ]
[ x-1, x+1 ]
[ x-6, x, x+2 ]
[ x-12, x, x+8 ]
[ x-36, x-16, x, x+12 ]

 SITA: 


[ [ [ 1, 0, 0, 0, 0, 0, 0 ], [ 0, 1, 0, 0, 0, 0, 0 ], [ 0, 0, 1, 0, 0, 0, 0 ], [ 0, 0, 0, 1, 0, 0, 0 ],
      [ 0, 0, 0, 0, 1, 0, 0 ], [ 0, 0, 0, 0, 0, 1, 0 ], [ 0, 0, 0, 0, 0, 0, 1 ] ],
  [ [ 0, 12, 0, 0, 0, 0, 0 ], [ 1, 0, 2, 1, 2, 0, 6 ], [ 0, 2, 0, 0, 4, 0, 6 ], [ 0, 12, 0, 0, 0, 0, 0 ],
      [ 0, 4, 8, 0, 0, 0, 0 ], [ 0, 0, 0, 0, 0, 0, 12 ], [ 0, 2, 2, 0, 0, 4, 4 ] ],
  [ [ 0, 0, 12, 0, 0, 0, 0 ], [ 0, 2, 0, 0, 4, 0, 6 ], [ 1, 0, 2, 1, 2, 0, 6 ], [ 0, 0, 12, 0, 0, 0, 0 ],
      [ 0, 8, 4, 0, 0, 0, 0 ], [ 0, 0, 0, 0, 0, 0, 12 ], [ 0, 2, 2, 0, 0, 4, 4 ] ],
  [ [ 0, 0, 0, 1, 0, 0, 0 ], [ 0, 1, 0, 0, 0, 0, 0 ], [ 0, 0, 1, 0, 0, 0, 0 ], [ 1, 0, 0, 0, 0, 0, 0 ],
      [ 0, 0, 0, 0, 1, 0, 0 ], [ 0, 0, 0, 0, 0, 1, 0 ], [ 0, 0, 0, 0, 0, 0, 1 ] ],
  [ [ 0, 0, 0, 0, 6, 0, 0 ], [ 0, 2, 4, 0, 0, 0, 0 ], [ 0, 4, 2, 0, 0, 0, 0 ], [ 0, 0, 0, 0, 6, 0, 0 ],
      [ 1, 0, 0, 1, 4, 0, 0 ], [ 0, 0, 0, 0, 0, 6, 0 ], [ 0, 0, 0, 0, 0, 0, 6 ] ],
  [ [ 0, 0, 0, 0, 0, 12, 0 ], [ 0, 0, 0, 0, 0, 0, 12 ], [ 0, 0, 0, 0, 0, 0, 12 ], [ 0, 0, 0, 0, 0, 12, 0 ],
      [ 0, 0, 0, 0, 0, 12, 0 ], [ 1, 0, 0, 1, 6, 4, 0 ], [ 0, 4, 4, 0, 0, 0, 4 ] ],
  [ [ 0, 0, 0, 0, 0, 0, 36 ], [ 0, 6, 6, 0, 0, 12, 12 ], [ 0, 6, 6, 0, 0, 12, 12 ], [ 0, 0, 0, 0, 0, 0, 36 ],
      [ 0, 0, 0, 0, 0, 0, 36 ], [ 0, 12, 12, 0, 0, 0, 12 ], [ 1, 4, 4, 1, 6, 4, 16 ] ] ]