 degree:12
 order:216
[ 12, 20, 15, 36, 60, 72 ][ 3, 0, 0, 0, 1, 0, 0, 3, 0, 0, 3, 0, 0, 6, 5 ]
minimal polynomial:
[ x-12, x-6, x, x+6, x+12, x^2-18 ]1
[ x-20, x-2, x+4 ]
[ x-15, x-3, x+3 ]
[ x-36, x, x+36 ]
[ x-60, x-30, x, x+30, x+60, x^2-18 ]
[ x-72, x, x+36 ]

 SITA:

[ [ [ 1, 0, 0, 0, 0, 0, 0 ], [ 0, 1, 0, 0, 0, 0, 0 ], [ 0, 0, 1, 0, 0, 0, 0 ], [ 0, 0, 0, 1, 0, 0, 0 ],[ 0, 0, 0, 0, 1, 0, 0 ], [ 0, 0, 0, 0, 0, 1, 0 ], [ 0, 0, 0, 0, 0, 0, 1 ] ],
  [ [ 0, 12, 0, 0, 0, 0, 0 ], [ 1, 0, 5, 0, 0, 0, 6 ], [ 0, 3, 0, 0, 0, 9, 0 ], [ 0, 0, 0, 0, 0, 12, 0 ],[ 0, 0, 0, 0, 0, 0, 12 ], [ 0, 0, 3, 3, 0, 0, 6 ], [ 0, 1, 0, 0, 6, 5, 0 ] ],
  [ [ 0, 0, 20, 0, 0, 0, 0 ], [ 0, 5, 0, 0, 0, 15, 0 ], [ 1, 0, 10, 9, 0, 0, 0 ], [ 0, 0, 12, 8, 0, 0, 0 ],[ 0, 0, 0, 0, 20, 0, 0 ], [ 0, 3, 0, 0, 0, 17, 0 ], [ 0, 0, 0, 0, 0, 0, 20 ] ],
  [ [ 0, 0, 0, 15, 0, 0, 0 ], [ 0, 0, 0, 0, 0, 15, 0 ], [ 0, 0, 9, 6, 0, 0, 0 ], [ 1, 0, 8, 6, 0, 0, 0 ],[ 0, 0, 0, 0, 15, 0, 0 ], [ 0, 3, 0, 0, 0, 12, 0 ], [ 0, 0, 0, 0, 0, 0, 15 ] ],
  [ [ 0, 0, 0, 0, 36, 0, 0 ], [ 0, 0, 0, 0, 0, 0, 36 ], [ 0, 0, 0, 0, 36, 0, 0 ], [ 0, 0, 0, 0, 36, 0, 0 ],[ 1, 0, 20, 15, 0, 0, 0 ], [ 0, 0, 0, 0, 0, 0, 36 ], [ 0, 6, 0, 0, 0, 30, 0 ] ],
  [ [ 0, 0, 0, 0, 0, 60, 0 ], [ 0, 0, 15, 15, 0, 0, 30 ], [ 0, 9, 0, 0, 0, 51, 0 ], [ 0, 12, 0, 0, 0, 48, 0 ],[ 0, 0, 0, 0, 0, 0, 60 ], [ 1, 0, 17, 12, 0, 0, 30 ], [ 0, 5, 0, 0, 30, 25, 0 ] ],
  [ [ 0, 0, 0, 0, 0, 0, 72 ], [ 0, 6, 0, 0, 36, 30, 0 ], [ 0, 0, 0, 0, 0, 0, 72 ], [ 0, 0, 0, 0, 0, 0, 72 ],[ 0, 12, 0, 0, 0, 60, 0 ], [ 0, 6, 0, 0, 36, 30, 0 ], [ 1, 0, 20, 15, 0, 0, 36 ] ] ]