 degree:12
 order:90
[ 12, 12, 1, 12, 16, 36 ][ 6, 12, 0, 3, 0, 0, 6, 0, 0, 0, 0, 0, 0, 2, 4 ]
minimal polynomial:
[ x-12, x, x+6, x^2-6*x-12, x^2+6*x-36 ]1
[ x-12, x, x+6, x^2-6*x-36, x^2-6*x-12 ]
[ x-1, x+1 ]
[ x-12, x-2, x, x+6 ]
[ x-16, x-4, x, x+4 ]
[ x-36, x, x+18, x^2+12*x-48 ]

 SITA:

[ [ [ 1, 0, 0, 0, 0, 0, 0 ], [ 0, 1, 0, 0, 0, 0, 0 ], [ 0, 0, 1, 0, 0, 0, 0 ], [ 0, 0, 0, 1, 0, 0, 0 ],
      [ 0, 0, 0, 0, 1, 0, 0 ], [ 0, 0, 0, 0, 0, 1, 0 ], [ 0, 0, 0, 0, 0, 0, 1 ] ],
  [ [ 0, 12, 0, 0, 0, 0, 0 ], [ 1, 0, 6, 1, 0, 4, 0 ], [ 0, 6, 0, 0, 6, 0, 0 ], [ 0, 12, 0, 0, 0, 0, 0 ],
      [ 0, 0, 6, 0, 0, 0, 6 ], [ 0, 3, 0, 0, 0, 0, 9 ], [ 0, 0, 0, 0, 2, 4, 6 ] ],
  [ [ 0, 0, 12, 0, 0, 0, 0 ], [ 0, 6, 0, 0, 6, 0, 0 ], [ 1, 0, 6, 1, 0, 4, 0 ], [ 0, 0, 12, 0, 0, 0, 0 ],
      [ 0, 6, 0, 0, 0, 0, 6 ], [ 0, 0, 3, 0, 0, 0, 9 ], [ 0, 0, 0, 0, 2, 4, 6 ] ],
  [ [ 0, 0, 0, 1, 0, 0, 0 ], [ 0, 1, 0, 0, 0, 0, 0 ], [ 0, 0, 1, 0, 0, 0, 0 ], [ 1, 0, 0, 0, 0, 0, 0 ],
      [ 0, 0, 0, 0, 1, 0, 0 ], [ 0, 0, 0, 0, 0, 1, 0 ], [ 0, 0, 0, 0, 0, 0, 1 ] ],
  [ [ 0, 0, 0, 0, 12, 0, 0 ], [ 0, 0, 6, 0, 0, 0, 6 ], [ 0, 6, 0, 0, 0, 0, 6 ], [ 0, 0, 0, 0, 12, 0, 0 ],
      [ 1, 0, 0, 1, 2, 8, 0 ], [ 0, 0, 0, 0, 6, 6, 0 ], [ 0, 2, 2, 0, 0, 0, 8 ] ],
  [ [ 0, 0, 0, 0, 0, 16, 0 ], [ 0, 4, 0, 0, 0, 0, 12 ], [ 0, 0, 4, 0, 0, 0, 12 ], [ 0, 0, 0, 0, 0, 16, 0 ],
      [ 0, 0, 0, 0, 8, 8, 0 ], [ 1, 0, 0, 1, 6, 8, 0 ], [ 0, 4, 4, 0, 0, 0, 8 ] ],
  [ [ 0, 0, 0, 0, 0, 0, 36 ], [ 0, 0, 0, 0, 6, 12, 18 ], [ 0, 0, 0, 0, 6, 12, 18 ], [ 0, 0, 0, 0, 0, 0, 36 ],
      [ 0, 6, 6, 0, 0, 0, 24 ], [ 0, 9, 9, 0, 0, 0, 18 ], [ 1, 6, 6, 1, 8, 8, 6 ] ] ]

