 degree:12
 order:88
[ 12, 12, 1, 2, 24, 36 ][ 1, 0, 6, 3, 1, 12, 6, 3, 1, 0, 0, 0, 0, 0, 4 ]
minimal polynomial:
[ x-12, x-4, x-3, x, x+4, x^2+9*x+12 ]1
[ x-12, x-4, x, x+3, x^2+9*x+12 ]
[ x-1, x+1 ]
[ x-2, x, x+2 ]
[ x-24, x, x^2-4*x-128 ]
[ x-36, x, x+12, x^2-6*x-24 ]

 SITA:


[ [ [ 1, 0, 0, 0, 0, 0, 0 ], [ 0, 1, 0, 0, 0, 0, 0 ], [ 0, 0, 1, 0, 0, 0, 0 ], [ 0, 0, 0, 1, 0, 0, 0 ],
      [ 0, 0, 0, 0, 1, 0, 0 ], [ 0, 0, 0, 0, 0, 1, 0 ], [ 0, 0, 0, 0, 0, 0, 1 ] ],
  [ [ 0, 12, 0, 0, 0, 0, 0 ], [ 1, 0, 1, 0, 1, 6, 3 ], [ 0, 1, 0, 1, 1, 6, 3 ], [ 0, 0, 12, 0, 0, 0, 0 ],
      [ 0, 6, 6, 0, 0, 0, 0 ], [ 0, 3, 3, 0, 0, 0, 6 ], [ 0, 1, 1, 0, 0, 4, 6 ] ],
  [ [ 0, 0, 12, 0, 0, 0, 0 ], [ 0, 1, 0, 1, 1, 6, 3 ], [ 1, 0, 1, 0, 1, 6, 3 ], [ 0, 12, 0, 0, 0, 0, 0 ],
      [ 0, 6, 6, 0, 0, 0, 0 ], [ 0, 3, 3, 0, 0, 0, 6 ], [ 0, 1, 1, 0, 0, 4, 6 ] ],
  [ [ 0, 0, 0, 1, 0, 0, 0 ], [ 0, 0, 1, 0, 0, 0, 0 ], [ 0, 1, 0, 0, 0, 0, 0 ], [ 1, 0, 0, 0, 0, 0, 0 ],
      [ 0, 0, 0, 0, 1, 0, 0 ], [ 0, 0, 0, 0, 0, 1, 0 ], [ 0, 0, 0, 0, 0, 0, 1 ] ],
  [ [ 0, 0, 0, 0, 2, 0, 0 ], [ 0, 1, 1, 0, 0, 0, 0 ], [ 0, 1, 1, 0, 0, 0, 0 ], [ 0, 0, 0, 0, 2, 0, 0 ],
      [ 1, 0, 0, 1, 0, 0, 0 ], [ 0, 0, 0, 0, 0, 2, 0 ], [ 0, 0, 0, 0, 0, 0, 2 ] ],
  [ [ 0, 0, 0, 0, 0, 24, 0 ], [ 0, 6, 6, 0, 0, 0, 12 ], [ 0, 6, 6, 0, 0, 0, 12 ], [ 0, 0, 0, 0, 0, 24, 0 ],
      [ 0, 0, 0, 0, 0, 24, 0 ], [ 1, 0, 0, 1, 2, 8, 12 ], [ 0, 4, 4, 0, 0, 8, 8 ] ],
  [ [ 0, 0, 0, 0, 0, 0, 36 ], [ 0, 3, 3, 0, 0, 12, 18 ], [ 0, 3, 3, 0, 0, 12, 18 ], [ 0, 0, 0, 0, 0, 0, 36 ],
      [ 0, 0, 0, 0, 0, 0, 36 ], [ 0, 6, 6, 0, 0, 12, 12 ], [ 1, 6, 6, 1, 2, 8, 12 ] ] ]