 degree:12
 order:54
[ 12, 12, 3, 6, 8, 12 ][ 5, 0, 8, 3, 0, 4, 0, 0, 6, 0, 3, 0, 0, 2, 4 ]
minimal polynomial:
[ x-12, x, x+12, x^2-24, x^2-3 ]1
[ x-12, x-3, x, x+3 ]
[ x-3, x, x+3, x^2-6, x^2-3 ]
[ x-6, x-3, x, x+3 ]
[ x-8, x-2, x+1, x+4 ]
[ x-12, x, x+12, x^2-12, x^2-6 ]

 SITA:

[ [ [ 1, 0, 0, 0, 0, 0, 0 ], [ 0, 1, 0, 0, 0, 0, 0 ], [ 0, 0, 1, 0, 0, 0, 0 ], [ 0, 0, 0, 1, 0, 0, 0 ],
      [ 0, 0, 0, 0, 1, 0, 0 ], [ 0, 0, 0, 0, 0, 1, 0 ], [ 0, 0, 0, 0, 0, 0, 1 ] ],
  [ [ 0, 12, 0, 0, 0, 0, 0 ], [ 1, 0, 5, 0, 4, 2, 0 ], [ 0, 5, 0, 1, 0, 0, 6 ], [ 0, 0, 4, 0, 0, 8, 0 ],
      [ 0, 8, 0, 0, 0, 0, 4 ], [ 0, 3, 0, 3, 0, 0, 6 ], [ 0, 0, 6, 0, 2, 4, 0 ] ],
  [ [ 0, 0, 12, 0, 0, 0, 0 ], [ 0, 5, 0, 1, 0, 0, 6 ], [ 1, 0, 5, 0, 2, 4, 0 ], [ 0, 4, 0, 0, 0, 0, 8 ],
      [ 0, 0, 4, 0, 4, 4, 0 ], [ 0, 0, 6, 0, 3, 3, 0 ], [ 0, 6, 0, 2, 0, 0, 4 ] ],
  [ [ 0, 0, 0, 3, 0, 0, 0 ], [ 0, 0, 1, 0, 0, 2, 0 ], [ 0, 1, 0, 0, 0, 0, 2 ], [ 1, 0, 0, 0, 2, 0, 0 ],
      [ 0, 0, 0, 1, 0, 0, 2 ], [ 0, 3, 0, 0, 0, 0, 0 ], [ 0, 0, 2, 0, 1, 0, 0 ] ],
  [ [ 0, 0, 0, 0, 6, 0, 0 ], [ 0, 4, 0, 0, 0, 0, 2 ], [ 0, 0, 2, 0, 2, 2, 0 ], [ 0, 0, 0, 2, 0, 0, 4 ],
      [ 1, 0, 4, 0, 1, 0, 0 ], [ 0, 0, 3, 0, 0, 3, 0 ], [ 0, 2, 0, 1, 0, 0, 3 ] ],
  [ [ 0, 0, 0, 0, 0, 8, 0 ], [ 0, 2, 0, 2, 0, 0, 4 ], [ 0, 0, 4, 0, 2, 2, 0 ], [ 0, 8, 0, 0, 0, 0, 0 ],
      [ 0, 0, 4, 0, 0, 4, 0 ], [ 1, 0, 3, 0, 3, 1, 0 ], [ 0, 4, 0, 0, 0, 0, 4 ] ],
  [ [ 0, 0, 0, 0, 0, 0, 12 ], [ 0, 0, 6, 0, 2, 4, 0 ], [ 0, 6, 0, 2, 0, 0, 4 ], [ 0, 0, 8, 0, 4, 0, 0 ],
      [ 0, 4, 0, 2, 0, 0, 6 ], [ 0, 6, 0, 0, 0, 0, 6 ], [ 1, 0, 4, 0, 3, 4, 0 ] ] ]
