 degree:12
 order:100
[ 12, 12, 9, 12, 18, 36 ][ 1, 4, 1, 2, 1, 0, 5, 2, 1, 0, 0, 2, 0, 2, 4 ]
minimal polynomial:
[ x-12, x-4, x-2, x, x+3, x+5, x+8 ]
[ x-12, x-5, x-2, x, x+3, x+4, x+8 ]
[ x-9, x-3, x+1, x+7 ]
[ x-12, x-2, x+4 ]
[ x-18, x-10, x, x+2 ]
[ x-36, x-6, x, x+4, x+24 ]

 SITA:


[ [ [ 1, 0, 0, 0, 0, 0, 0 ], [ 0, 1, 0, 0, 0, 0, 0 ], [ 0, 0, 1, 0, 0, 0, 0 ], [ 0, 0, 0, 1, 0, 0, 0 ],
      [ 0, 0, 0, 0, 1, 0, 0 ], [ 0, 0, 0, 0, 0, 1, 0 ], [ 0, 0, 0, 0, 0, 0, 1 ] ],
  [ [ 0, 12, 0, 0, 0, 0, 0 ], [ 1, 0, 1, 3, 1, 3, 3 ], [ 0, 1, 0, 0, 5, 3, 3 ], [ 0, 4, 0, 0, 0, 0, 8 ],
      [ 0, 1, 5, 0, 0, 0, 6 ], [ 0, 2, 2, 0, 0, 0, 8 ], [ 0, 1, 1, 2, 2, 4, 2 ] ],
  [ [ 0, 0, 12, 0, 0, 0, 0 ], [ 0, 1, 0, 0, 5, 3, 3 ], [ 1, 0, 1, 3, 1, 3, 3 ], [ 0, 0, 4, 0, 0, 0, 8 ],
      [ 0, 5, 1, 0, 0, 0, 6 ], [ 0, 2, 2, 0, 0, 0, 8 ], [ 0, 1, 1, 2, 2, 4, 2 ] ],
  [ [ 0, 0, 0, 9, 0, 0, 0 ], [ 0, 3, 0, 0, 0, 0, 6 ], [ 0, 0, 3, 0, 0, 0, 6 ], [ 1, 0, 0, 0, 0, 8, 0 ],
      [ 0, 0, 0, 0, 3, 6, 0 ], [ 0, 0, 0, 4, 4, 1, 0 ], [ 0, 2, 2, 0, 0, 0, 5 ] ],
  [ [ 0, 0, 0, 0, 12, 0, 0 ], [ 0, 1, 5, 0, 0, 0, 6 ], [ 0, 5, 1, 0, 0, 0, 6 ], [ 0, 0, 0, 0, 4, 8, 0 ],
      [ 1, 0, 0, 3, 2, 6, 0 ], [ 0, 0, 0, 4, 4, 4, 0 ], [ 0, 2, 2, 0, 0, 0, 8 ] ],
  [ [ 0, 0, 0, 0, 0, 18, 0 ], [ 0, 3, 3, 0, 0, 0, 12 ], [ 0, 3, 3, 0, 0, 0, 12 ], [ 0, 0, 0, 8, 8, 2, 0 ],
      [ 0, 0, 0, 6, 6, 6, 0 ], [ 1, 0, 0, 1, 4, 12, 0 ], [ 0, 4, 4, 0, 0, 0, 10 ] ],
  [ [ 0, 0, 0, 0, 0, 0, 36 ], [ 0, 3, 3, 6, 6, 12, 6 ], [ 0, 3, 3, 6, 6, 12, 6 ], [ 0, 8, 8, 0, 0, 0, 20 ],
      [ 0, 6, 6, 0, 0, 0, 24 ], [ 0, 8, 8, 0, 0, 0, 20 ], [ 1, 2, 2, 5, 8, 10, 8 ] ] ]