 degree:12
 order:80
[ 12, 12, 3, 12, 16, 24 ][ 4, 12, 0, 0, 2, 0, 8, 0, 0, 0, 0, 0, 0, 2, 8 ]
minimal polynomial:
[ x-12, x-8, x, x+8, x+12, x^2-32 ]1
[ x-12, x, x+4 ]
[ x-3, x+1 ]
[ x-12, x-8, x, x+8, x+12, x^2-32 ]
[ x-16, x, x+16 ]
[ x-24, x, x+16 ]

 SITA: 

[ [ [ 1, 0, 0, 0, 0, 0, 0 ], [ 0, 1, 0, 0, 0, 0, 0 ], [ 0, 0, 1, 0, 0, 0, 0 ], [ 0, 0, 0, 1, 0, 0, 0 ],
      [ 0, 0, 0, 0, 1, 0, 0 ], [ 0, 0, 0, 0, 0, 1, 0 ], [ 0, 0, 0, 0, 0, 0, 1 ] ],
  [ [ 0, 12, 0, 0, 0, 0, 0 ], [ 1, 0, 4, 3, 0, 0, 4 ], [ 0, 4, 0, 0, 8, 0, 0 ], [ 0, 12, 0, 0, 0, 0, 0 ],
      [ 0, 0, 8, 0, 0, 0, 4 ], [ 0, 0, 0, 0, 0, 0, 12 ], [ 0, 2, 0, 0, 2, 8, 0 ] ],
  [ [ 0, 0, 12, 0, 0, 0, 0 ], [ 0, 4, 0, 0, 8, 0, 0 ], [ 1, 0, 8, 3, 0, 0, 0 ], [ 0, 0, 12, 0, 0, 0, 0 ],
      [ 0, 8, 0, 0, 4, 0, 0 ], [ 0, 0, 0, 0, 0, 12, 0 ], [ 0, 0, 0, 0, 0, 0, 12 ] ],
  [ [ 0, 0, 0, 3, 0, 0, 0 ], [ 0, 3, 0, 0, 0, 0, 0 ], [ 0, 0, 3, 0, 0, 0, 0 ], [ 1, 0, 0, 2, 0, 0, 0 ],
      [ 0, 0, 0, 0, 3, 0, 0 ], [ 0, 0, 0, 0, 0, 3, 0 ], [ 0, 0, 0, 0, 0, 0, 3 ] ],
  [ [ 0, 0, 0, 0, 12, 0, 0 ], [ 0, 0, 8, 0, 0, 0, 4 ], [ 0, 8, 0, 0, 4, 0, 0 ], [ 0, 0, 0, 0, 12, 0, 0 ],
      [ 1, 0, 4, 3, 0, 0, 4 ], [ 0, 0, 0, 0, 0, 0, 12 ], [ 0, 2, 0, 0, 2, 8, 0 ] ],
  [ [ 0, 0, 0, 0, 0, 16, 0 ], [ 0, 0, 0, 0, 0, 0, 16 ], [ 0, 0, 0, 0, 0, 16, 0 ], [ 0, 0, 0, 0, 0, 16, 0 ],
      [ 0, 0, 0, 0, 0, 0, 16 ], [ 1, 0, 12, 3, 0, 0, 0 ], [ 0, 8, 0, 0, 8, 0, 0 ] ],
  [ [ 0, 0, 0, 0, 0, 0, 24 ], [ 0, 4, 0, 0, 4, 16, 0 ], [ 0, 0, 0, 0, 0, 0, 24 ], [ 0, 0, 0, 0, 0, 0, 24 ],
      [ 0, 4, 0, 0, 4, 16, 0 ], [ 0, 12, 0, 0, 12, 0, 0 ], [ 1, 0, 12, 3, 0, 0, 8 ] ] ]