 degree:12
 order:40
[ 12, 6, 1, 4, 4, 12 ][ 8, 12, 0, 6, 0, 6, 0, 0, 0, 0, 0, 2, 2 ]

minimal polynomial:[ x-12, x, x+4, x^2-2*x-4, x^2+6*x-36 ]
 Galois type:1

 minimal polynomial of other basis elements:
 x^3-4*x^2-12*x
x^2-1
x^4-2*x^3-12*x^2+16*x
x^4-2*x^3-12*x^2+16*x
x^7-4*x^6-132*x^5+272*x^4+2256*x^3-3456*x^2-6912*x

 SITA:
[ [ [ 1, 0, 0, 0, 0, 0, 0 ], [ 0, 1, 0, 0, 0, 0, 0 ], [ 0, 0, 1, 0, 0, 0, 0 ],
      [ 0, 0, 0, 1, 0, 0, 0 ], [ 0, 0, 0, 0, 1, 0, 0 ], 
      [ 0, 0, 0, 0, 0, 1, 0 ], [ 0, 0, 0, 0, 0, 0, 1 ] ], 
  [ [ 0, 12, 0, 0, 0, 0, 0 ], [ 1, 0, 4, 1, 0, 2, 4 ], 
      [ 0, 8, 0, 0, 4, 0, 0 ], [ 0, 12, 0, 0, 0, 0, 0 ], 
      [ 0, 0, 6, 0, 0, 0, 6 ], [ 0, 6, 0, 0, 0, 0, 6 ], 
      [ 0, 4, 0, 0, 2, 2, 4 ] ], 
  [ [ 0, 0, 6, 0, 0, 0, 0 ], [ 0, 4, 0, 0, 2, 0, 0 ], [ 1, 0, 4, 1, 0, 0, 0 ],
      [ 0, 0, 6, 0, 0, 0, 0 ], [ 0, 6, 0, 0, 0, 0, 0 ], 
      [ 0, 0, 0, 0, 0, 0, 6 ], [ 0, 0, 0, 0, 0, 2, 4 ] ], 
  [ [ 0, 0, 0, 1, 0, 0, 0 ], [ 0, 1, 0, 0, 0, 0, 0 ], [ 0, 0, 1, 0, 0, 0, 0 ],
      [ 1, 0, 0, 0, 0, 0, 0 ], [ 0, 0, 0, 0, 1, 0, 0 ], 
      [ 0, 0, 0, 0, 0, 1, 0 ], [ 0, 0, 0, 0, 0, 0, 1 ] ], 
  [ [ 0, 0, 0, 0, 4, 0, 0 ], [ 0, 0, 2, 0, 0, 0, 2 ], [ 0, 4, 0, 0, 0, 0, 0 ],
      [ 0, 0, 0, 0, 4, 0, 0 ], [ 1, 0, 0, 1, 0, 2, 0 ], 
      [ 0, 0, 0, 0, 2, 2, 0 ], [ 0, 2, 0, 0, 0, 0, 2 ] ], 
  [ [ 0, 0, 0, 0, 0, 4, 0 ], [ 0, 2, 0, 0, 0, 0, 2 ], [ 0, 0, 0, 0, 0, 0, 4 ],
      [ 0, 0, 0, 0, 0, 4, 0 ], [ 0, 0, 0, 0, 2, 2, 0 ], 
      [ 1, 0, 0, 1, 2, 0, 0 ], [ 0, 2, 2, 0, 0, 0, 0 ] ], 
  [ [ 0, 0, 0, 0, 0, 0, 12 ], [ 0, 4, 0, 0, 2, 2, 4 ], 
      [ 0, 0, 0, 0, 0, 4, 8 ], [ 0, 0, 0, 0, 0, 0, 12 ], 
      [ 0, 6, 0, 0, 0, 0, 6 ], [ 0, 6, 6, 0, 0, 0, 0 ], 
      [ 1, 4, 4, 1, 2, 0, 0 ] ] ]

