 degree:12
 order:84
[ 12, 24, 3, 8, 12, 24 ][ 2, 4, 0, 6, 0, 0, 6, 0, 4, 0, 2, 0, 0, 2, 2 ]
minimal polynomial:
[ x-12, x-2, x, x+2, x+8, x^2-4*x-24 ]1
[ x-24, x-4, x+4, x^2+4*x-24 ]
[ x-3, x+1 ]
[ x-8, x, x+4 ]
[ x-12, x-8, x, x+2, x^2-4*x-24 ]
[ x-24, x-4, x+4, x^2+4*x-24 ]

 SITA:

[ [ [ 1, 0, 0, 0, 0, 0, 0 ], [ 0, 1, 0, 0, 0, 0, 0 ], [ 0, 0, 1, 0, 0, 0, 0 ], [ 0, 0, 0, 1, 0, 0, 0 ],[ 0, 0, 0, 0, 1, 0, 0 ], [ 0, 0, 0, 0, 0, 1, 0 ], [ 0, 0, 0, 0, 0, 0, 1 ] ],
  [ [ 0, 12, 0, 0, 0, 0, 0 ], [ 1, 0, 4, 1, 0, 6, 0 ], [ 0, 2, 4, 0, 2, 0, 4 ], [ 0, 4, 0, 0, 0, 8, 0 ],[ 0, 0, 6, 0, 0, 0, 6 ], [ 0, 6, 0, 2, 0, 0, 4 ], [ 0, 0, 4, 0, 2, 2, 4 ] ],
  [ [ 0, 0, 24, 0, 0, 0, 0 ], [ 0, 4, 8, 0, 4, 0, 8 ], [ 1, 4, 6, 1, 2, 4, 6 ], [ 0, 0, 8, 0, 0, 0, 16 ],[ 0, 6, 6, 0, 0, 6, 6 ], [ 0, 0, 8, 0, 4, 4, 8 ], [ 0, 4, 6, 2, 2, 4, 6 ] ],
  [ [ 0, 0, 0, 3, 0, 0, 0 ], [ 0, 1, 0, 0, 0, 2, 0 ], [ 0, 0, 1, 0, 0, 0, 2 ], [ 1, 0, 0, 2, 0, 0, 0 ],[ 0, 0, 0, 0, 3, 0, 0 ], [ 0, 2, 0, 0, 0, 1, 0 ], [ 0, 0, 2, 0, 0, 0, 1 ] ],
  [ [ 0, 0, 0, 0, 8, 0, 0 ], [ 0, 0, 4, 0, 0, 0, 4 ], [ 0, 2, 2, 0, 0, 2, 2 ], [ 0, 0, 0, 0, 8, 0, 0 ],[ 1, 0, 0, 3, 4, 0, 0 ], [ 0, 0, 4, 0, 0, 0, 4 ], [ 0, 2, 2, 0, 0, 2, 2 ] ],
  [ [ 0, 0, 0, 0, 0, 12, 0 ], [ 0, 6, 0, 2, 0, 0, 4 ], [ 0, 0, 4, 0, 2, 2, 4 ], [ 0, 8, 0, 0, 0, 4, 0 ],[ 0, 0, 6, 0, 0, 0, 6 ], [ 1, 0, 4, 1, 0, 6, 0 ], [ 0, 2, 4, 0, 2, 0, 4 ] ],
  [ [ 0, 0, 0, 0, 0, 0, 24 ], [ 0, 0, 8, 0, 4, 4, 8 ], [ 0, 4, 6, 2, 2, 4, 6 ], [ 0, 0, 16, 0, 0, 0, 8 ],[ 0, 6, 6, 0, 0, 6, 6 ], [ 0, 4, 8, 0, 4, 0, 8 ], [ 1, 4, 6, 1, 2, 4, 6 ] ] ]