 degree:12
 order:42
[ 12, 12, 1, 2, 2, 12 ][ 5, 0, 0, 6, 1, 0, 6, 6, 5, 0, 0, 1, 0, 1, 0 ]
minimal polynomial:
[ x-12, x-6, x-1, x, x+2, x+3, x+6 ]
[ x-12, x, x+2 ]
[ x-1, x+1 ]
[ x-2, x+1 ]
[ x-2, x-1, x+1, x+2 ]
[ x-12, x-3, x-1, x, x+2, x+6 ]

 SITA:

[ [ [ 1, 0, 0, 0, 0, 0, 0 ], [ 0, 1, 0, 0, 0, 0, 0 ], [ 0, 0, 1, 0, 0, 0, 0 ], [ 0, 0, 0, 1, 0, 0, 0 ],
      [ 0, 0, 0, 0, 1, 0, 0 ], [ 0, 0, 0, 0, 0, 1, 0 ], [ 0, 0, 0, 0, 0, 0, 1 ] ],
  [ [ 0, 12, 0, 0, 0, 0, 0 ], [ 1, 4, 5, 0, 0, 1, 1 ], [ 0, 5, 0, 0, 1, 1, 5 ], [ 0, 0, 0, 0, 0, 0, 12 ],
      [ 0, 0, 6, 0, 0, 0, 6 ], [ 0, 6, 6, 0, 0, 0, 0 ], [ 0, 1, 5, 1, 1, 0, 4 ] ],
  [ [ 0, 0, 12, 0, 0, 0, 0 ], [ 0, 5, 0, 0, 1, 1, 5 ], [ 1, 0, 10, 1, 0, 0, 0 ], [ 0, 0, 12, 0, 0, 0, 0 ],
      [ 0, 6, 0, 0, 0, 0, 6 ], [ 0, 6, 0, 0, 0, 0, 6 ], [ 0, 5, 0, 0, 1, 1, 5 ] ],
  [ [ 0, 0, 0, 1, 0, 0, 0 ], [ 0, 0, 0, 0, 0, 0, 1 ], [ 0, 0, 1, 0, 0, 0, 0 ], [ 1, 0, 0, 0, 0, 0, 0 ],
      [ 0, 0, 0, 0, 0, 1, 0 ], [ 0, 0, 0, 0, 1, 0, 0 ], [ 0, 1, 0, 0, 0, 0, 0 ] ],
  [ [ 0, 0, 0, 0, 2, 0, 0 ], [ 0, 0, 1, 0, 0, 0, 1 ], [ 0, 1, 0, 0, 0, 0, 1 ], [ 0, 0, 0, 0, 0, 2, 0 ],
      [ 1, 0, 0, 0, 1, 0, 0 ], [ 0, 0, 0, 1, 0, 1, 0 ], [ 0, 1, 1, 0, 0, 0, 0 ] ],
  [ [ 0, 0, 0, 0, 0, 2, 0 ], [ 0, 1, 1, 0, 0, 0, 0 ], [ 0, 1, 0, 0, 0, 0, 1 ], [ 0, 0, 0, 0, 2, 0, 0 ],
      [ 0, 0, 0, 1, 0, 1, 0 ], [ 1, 0, 0, 0, 1, 0, 0 ], [ 0, 0, 1, 0, 0, 0, 1 ] ],
  [ [ 0, 0, 0, 0, 0, 0, 12 ], [ 0, 1, 5, 1, 1, 0, 4 ], [ 0, 5, 0, 0, 1, 1, 5 ], [ 0, 12, 0, 0, 0, 0, 0 ],
      [ 0, 6, 6, 0, 0, 0, 0 ], [ 0, 0, 6, 0, 0, 0, 6 ], [ 1, 4, 5, 0, 0, 1, 1 ] ] ]