 degree:12
 order:44
[ 12, 9, 4, 6, 6, 6 ][ 4, 0, 0, 6, 10, 9, 6, 0, 0, 0, 2, 0, 4, 2, 0 ]
minimal polynomial:
[ x-12, x, x+12, x^4-34*x^2+44 ]3
[ x-9, x+1, x^2+3*x-9 ]
[ x-4, x, x+4, x^4-16*x^2+44 ]
[ x-6, x, x+6, x^4-14*x^2+44 ]
[ x-6, x-2, x^2+3*x+1 ]
[ x-6, x+2, x^2-4*x-1 ]

 SITA:

[ [ [ 1, 0, 0, 0, 0, 0, 0 ], [ 0, 1, 0, 0, 0, 0, 0 ], [ 0, 0, 1, 0, 0, 0, 0 ], [ 0, 0, 0, 1, 0, 0, 0 ],
      [ 0, 0, 0, 0, 1, 0, 0 ], [ 0, 0, 0, 0, 0, 1, 0 ], [ 0, 0, 0, 0, 0, 0, 1 ] ],
  [ [ 0, 12, 0, 0, 0, 0, 0 ], [ 1, 0, 3, 0, 0, 3, 5 ], [ 0, 4, 0, 4, 4, 0, 0 ], [ 0, 0, 9, 0, 0, 3, 0 ],
      [ 0, 0, 6, 0, 0, 4, 2 ], [ 0, 6, 0, 2, 4, 0, 0 ], [ 0, 10, 0, 0, 2, 0, 0 ] ],
  [ [ 0, 0, 9, 0, 0, 0, 0 ], [ 0, 3, 0, 3, 3, 0, 0 ], [ 1, 0, 2, 0, 0, 2, 4 ], [ 0, 9, 0, 0, 0, 0, 0 ],
      [ 0, 6, 0, 0, 3, 0, 0 ], [ 0, 0, 3, 0, 0, 3, 3 ], [ 0, 0, 6, 0, 0, 3, 0 ] ],
  [ [ 0, 0, 0, 4, 0, 0, 0 ], [ 0, 0, 3, 0, 0, 1, 0 ], [ 0, 4, 0, 0, 0, 0, 0 ], [ 1, 0, 0, 0, 0, 0, 3 ],
      [ 0, 0, 0, 0, 0, 2, 2 ], [ 0, 2, 0, 0, 2, 0, 0 ], [ 0, 0, 0, 2, 2, 0, 0 ] ],
  [ [ 0, 0, 0, 0, 6, 0, 0 ], [ 0, 0, 3, 0, 0, 2, 1 ], [ 0, 4, 0, 0, 2, 0, 0 ], [ 0, 0, 0, 0, 0, 3, 3 ],
      [ 1, 0, 3, 0, 0, 0, 2 ], [ 0, 4, 0, 2, 0, 0, 0 ], [ 0, 2, 0, 2, 2, 0, 0 ] ],
  [ [ 0, 0, 0, 0, 0, 6, 0 ], [ 0, 3, 0, 1, 2, 0, 0 ], [ 0, 0, 2, 0, 0, 2, 2 ], [ 0, 3, 0, 0, 3, 0, 0 ],
      [ 0, 4, 0, 2, 0, 0, 0 ], [ 1, 0, 3, 0, 0, 1, 1 ], [ 0, 0, 3, 0, 0, 1, 2 ] ],
  [ [ 0, 0, 0, 0, 0, 0, 6 ], [ 0, 5, 0, 0, 1, 0, 0 ], [ 0, 0, 4, 0, 0, 2, 0 ], [ 0, 0, 0, 3, 3, 0, 0 ],
      [ 0, 2, 0, 2, 2, 0, 0 ], [ 0, 0, 3, 0, 0, 1, 2 ], [ 1, 0, 0, 0, 0, 2, 3 ] ] ]
