 degree:12
 order:96
[ 12, 8, 3, 12, 24, 36 ][ 3, 12, 0, 0, 2, 0, 6, 0, 0, 0, 0, 0, 0, 2, 8 ]
minimal polynomial:
[ x-12, x-6, x, x+6, x+12, x^2-48 ]1
[ x-8, x, x+4 ]
[ x-3, x+1 ]
[ x-12, x-6, x, x+6, x+12, x^2-48 ]
[ x-24, x, x+24, x^2-192 ]
[ x-36, x, x+12 ]

 SITA:

[ [ [ 1, 0, 0, 0, 0, 0, 0 ], [ 0, 1, 0, 0, 0, 0, 0 ], [ 0, 0, 1, 0, 0, 0, 0 ], [ 0, 0, 0, 1, 0, 0, 0 ],
      [ 0, 0, 0, 0, 1, 0, 0 ], [ 0, 0, 0, 0, 0, 1, 0 ], [ 0, 0, 0, 0, 0, 0, 1 ] ],
  [ [ 0, 12, 0, 0, 0, 0, 0 ], [ 1, 0, 2, 3, 0, 0, 6 ], [ 0, 3, 0, 0, 9, 0, 0 ], [ 0, 12, 0, 0, 0, 0, 0 ],
      [ 0, 0, 6, 0, 0, 0, 6 ], [ 0, 0, 0, 0, 0, 0, 12 ], [ 0, 2, 0, 0, 2, 8, 0 ] ],
  [ [ 0, 0, 8, 0, 0, 0, 0 ], [ 0, 2, 0, 0, 6, 0, 0 ], [ 1, 0, 4, 3, 0, 0, 0 ], [ 0, 0, 8, 0, 0, 0, 0 ],
      [ 0, 6, 0, 0, 2, 0, 0 ], [ 0, 0, 0, 0, 0, 8, 0 ], [ 0, 0, 0, 0, 0, 0, 8 ] ],
  [ [ 0, 0, 0, 3, 0, 0, 0 ], [ 0, 3, 0, 0, 0, 0, 0 ], [ 0, 0, 3, 0, 0, 0, 0 ], [ 1, 0, 0, 2, 0, 0, 0 ],
      [ 0, 0, 0, 0, 3, 0, 0 ], [ 0, 0, 0, 0, 0, 3, 0 ], [ 0, 0, 0, 0, 0, 0, 3 ] ],
  [ [ 0, 0, 0, 0, 12, 0, 0 ], [ 0, 0, 6, 0, 0, 0, 6 ], [ 0, 9, 0, 0, 3, 0, 0 ], [ 0, 0, 0, 0, 12, 0, 0 ],
      [ 1, 0, 2, 3, 0, 0, 6 ], [ 0, 0, 0, 0, 0, 0, 12 ], [ 0, 2, 0, 0, 2, 8, 0 ] ],
  [ [ 0, 0, 0, 0, 0, 24, 0 ], [ 0, 0, 0, 0, 0, 0, 24 ], [ 0, 0, 0, 0, 0, 24, 0 ], [ 0, 0, 0, 0, 0, 24, 0 ],
      [ 0, 0, 0, 0, 0, 0, 24 ], [ 1, 0, 8, 3, 0, 0, 12 ], [ 0, 8, 0, 0, 8, 8, 0 ] ],
  [ [ 0, 0, 0, 0, 0, 0, 36 ], [ 0, 6, 0, 0, 6, 24, 0 ], [ 0, 0, 0, 0, 0, 0, 36 ], [ 0, 0, 0, 0, 0, 0, 36 ],
      [ 0, 6, 0, 0, 6, 24, 0 ], [ 0, 12, 0, 0, 12, 12, 0 ], [ 1, 0, 8, 3, 0, 0, 24 ] ] ]