 degree:12
 order:105
[ 12, 24, 2, 18, 24, 24 ][ 3, 12, 0, 1, 0, 0, 4, 6, 0, 0, 0, 0, 3, 3, 2 ]
minimal polynomial:
[ x-12, x-4, x, x+3, x+5, x^2-60 ]1
[ x-24, x, x+6, x^2-18*x+66 ]
[ x-2, x+1 ]
[ x-18, x, x+3 ]
[ x-24, x-12, x, x+6, x^2+6*x-6 ]
[ x-24, x-8, x, x+1, x+6, x^2+12*x-24 ]

 SITA: 

[ [ [ 1, 0, 0, 0, 0, 0, 0 ], [ 0, 1, 0, 0, 0, 0, 0 ], [ 0, 0, 1, 0, 0, 0, 0 ], [ 0, 0, 0, 1, 0, 0, 0 ],[ 0, 0, 0, 0, 1, 0, 0 ], [ 0, 0, 0, 0, 0, 1, 0 ], [ 0, 0, 0, 0, 0, 0, 1 ] ],
  [ [ 0, 12, 0, 0, 0, 0, 0 ], [ 1, 1, 6, 2, 0, 2, 0 ], [ 0, 3, 0, 0, 3, 6, 0 ], [ 0, 12, 0, 0, 0, 0, 0 ],[ 0, 0, 4, 0, 0, 4, 4 ], [ 0, 1, 6, 0, 3, 0, 2 ], [ 0, 0, 0, 0, 3, 2, 7 ] ],
  [ [ 0, 0, 24, 0, 0, 0, 0 ], [ 0, 6, 0, 0, 6, 12, 0 ], [ 1, 0, 9, 2, 3, 3, 6 ], [ 0, 0, 24, 0, 0, 0, 0 ],[ 0, 4, 4, 0, 0, 8, 8 ], [ 0, 6, 3, 0, 6, 3, 6 ], [ 0, 0, 6, 0, 6, 6, 6 ] ],
  [ [ 0, 0, 0, 2, 0, 0, 0 ], [ 0, 2, 0, 0, 0, 0, 0 ], [ 0, 0, 2, 0, 0, 0, 0 ], [ 1, 0, 0, 1, 0, 0, 0 ],[ 0, 0, 0, 0, 2, 0, 0 ], [ 0, 0, 0, 0, 0, 2, 0 ], [ 0, 0, 0, 0, 0, 0, 2 ] ],
  [ [ 0, 0, 0, 0, 18, 0, 0 ], [ 0, 0, 6, 0, 0, 6, 6 ], [ 0, 3, 3, 0, 0, 6, 6 ], [ 0, 0, 0, 0, 18, 0, 0 ],[ 1, 0, 0, 2, 15, 0, 0 ], [ 0, 3, 6, 0, 0, 3, 6 ], [ 0, 3, 6, 0, 0, 6, 3 ] ],
  [ [ 0, 0, 0, 0, 0, 24, 0 ], [ 0, 2, 12, 0, 6, 0, 4 ], [ 0, 6, 3, 0, 6, 3, 6 ], [ 0, 0, 0, 0, 0, 24, 0 ],[ 0, 4, 8, 0, 0, 4, 8 ], [ 1, 0, 3, 2, 3, 9, 6 ], [ 0, 2, 6, 0, 6, 6, 4 ] ],
  [ [ 0, 0, 0, 0, 0, 0, 24 ], [ 0, 0, 0, 0, 6, 4, 14 ], [ 0, 0, 6, 0, 6, 6, 6 ], [ 0, 0, 0, 0, 0, 0, 24 ],[ 0, 4, 8, 0, 0, 8, 4 ], [ 0, 2, 6, 0, 6, 6, 4 ], [ 1, 7, 6, 2, 3, 4, 1 ] ] ]
