 degree:12
 order:234
[ 12, 8, 24, 36, 72, 81 ][ 3, 0, 3, 0, 0, 3, 0, 0, 0, 0, 3, 0, 0, 4, 8 ]
minimal polynomial:
[ x-12, x-6, x, x+6, x+12, x^2-27 ]1
[ x-8, x+1 ]
[ x-24, x-6, x, x+6, x+24, x^2-108 ]
[ x-36, x-9, x+3 ]
[ x-72, x-3, x+6, x+9 ]
[ x-81, x, x+81, x^2-243 ]

 SITA:


[ [ [ 1, 0, 0, 0, 0, 0, 0 ], [ 0, 1, 0, 0, 0, 0, 0 ], [ 0, 0, 1, 0, 0, 0, 0 ], [ 0, 0, 0, 1, 0, 0, 0 ],
      [ 0, 0, 0, 0, 1, 0, 0 ], [ 0, 0, 0, 0, 0, 1, 0 ], [ 0, 0, 0, 0, 0, 0, 1 ] ],
  [ [ 0, 12, 0, 0, 0, 0, 0 ], [ 1, 0, 2, 0, 9, 0, 0 ], [ 0, 3, 0, 9, 0, 0, 0 ], [ 0, 0, 3, 0, 0, 9, 0 ],
      [ 0, 3, 0, 0, 0, 0, 9 ], [ 0, 0, 0, 3, 0, 0, 9 ], [ 0, 0, 0, 0, 4, 8, 0 ] ],
  [ [ 0, 0, 8, 0, 0, 0, 0 ], [ 0, 2, 0, 6, 0, 0, 0 ], [ 1, 0, 7, 0, 0, 0, 0 ], [ 0, 3, 0, 5, 0, 0, 0 ],
      [ 0, 0, 0, 0, 2, 6, 0 ], [ 0, 0, 0, 0, 3, 5, 0 ], [ 0, 0, 0, 0, 0, 0, 8 ] ],
  [ [ 0, 0, 0, 24, 0, 0, 0 ], [ 0, 0, 6, 0, 0, 18, 0 ], [ 0, 9, 0, 15, 0, 0, 0 ], [ 1, 0, 5, 0, 9, 9, 0 ],
      [ 0, 0, 0, 6, 0, 0, 18 ], [ 0, 3, 0, 3, 0, 0, 18 ], [ 0, 0, 0, 0, 8, 16, 0 ] ],
  [ [ 0, 0, 0, 0, 36, 0, 0 ], [ 0, 9, 0, 0, 0, 0, 27 ], [ 0, 0, 0, 0, 9, 27, 0 ], [ 0, 0, 0, 9, 0, 0, 27 ],
      [ 1, 0, 2, 0, 15, 18, 0 ], [ 0, 0, 3, 0, 9, 24, 0 ], [ 0, 4, 0, 8, 0, 0, 24 ] ],
  [ [ 0, 0, 0, 0, 0, 72, 0 ], [ 0, 0, 0, 18, 0, 0, 54 ], [ 0, 0, 0, 0, 27, 45, 0 ], [ 0, 9, 0, 9, 0, 0, 54 ],
      [ 0, 0, 6, 0, 18, 48, 0 ], [ 1, 0, 5, 0, 24, 42, 0 ], [ 0, 8, 0, 16, 0, 0, 48 ] ],
  [ [ 0, 0, 0, 0, 0, 0, 81 ], [ 0, 0, 0, 0, 27, 54, 0 ], [ 0, 0, 0, 0, 0, 0, 81 ], [ 0, 0, 0, 0, 27, 54, 0 ],
      [ 0, 9, 0, 18, 0, 0, 54 ], [ 0, 9, 0, 18, 0, 0, 54 ], [ 1, 0, 8, 0, 24, 48, 0 ] ] ]