 degree:12
 order:78
[ 12, 12, 2, 3, 24, 24 ][ 3, 0, 0, 4, 0, 0, 4, 0, 4, 0, 0, 1, 1, 0, 7 ]

minimal polynomial:
[ x-12, x-1, x, x+1, x+12, x^2-13 ]1
[ x-12, x+1 ]
[ x-2, x+1 ]
[ x-3, x, x+3 ]
[ x-24, x-1, x+2, x+12 ]
[ x-24, x-2, x, x+2, x+24, x^2-13 ]

 SITA: 

[ [ [ 1, 0, 0, 0, 0, 0, 0 ], [ 0, 1, 0, 0, 0, 0, 0 ], [ 0, 0, 1, 0, 0, 0, 0 ], [ 0, 0, 0, 1, 0, 0, 0 ],
      [ 0, 0, 0, 0, 1, 0, 0 ], [ 0, 0, 0, 0, 0, 1, 0 ], [ 0, 0, 0, 0, 0, 0, 1 ] ],
  [ [ 0, 12, 0, 0, 0, 0, 0 ], [ 1, 0, 3, 0, 0, 8, 0 ], [ 0, 3, 0, 0, 1, 0, 8 ], [ 0, 0, 0, 0, 0, 0, 12 ],
      [ 0, 0, 4, 0, 0, 8, 0 ], [ 0, 4, 0, 0, 1, 0, 7 ], [ 0, 0, 4, 1, 0, 7, 0 ] ],
  [ [ 0, 0, 12, 0, 0, 0, 0 ], [ 0, 3, 0, 0, 1, 0, 8 ], [ 1, 0, 11, 0, 0, 0, 0 ], [ 0, 0, 0, 0, 0, 12, 0 ],
      [ 0, 4, 0, 0, 0, 0, 8 ], [ 0, 0, 0, 1, 0, 11, 0 ], [ 0, 4, 0, 0, 1, 0, 7 ] ],
  [ [ 0, 0, 0, 2, 0, 0, 0 ], [ 0, 0, 0, 0, 0, 0, 2 ], [ 0, 0, 0, 0, 0, 2, 0 ], [ 1, 0, 0, 1, 0, 0, 0 ],
      [ 0, 0, 0, 0, 2, 0, 0 ], [ 0, 0, 1, 0, 0, 1, 0 ], [ 0, 1, 0, 0, 0, 0, 1 ] ],
  [ [ 0, 0, 0, 0, 3, 0, 0 ], [ 0, 0, 1, 0, 0, 2, 0 ], [ 0, 1, 0, 0, 0, 0, 2 ], [ 0, 0, 0, 0, 3, 0, 0 ],
      [ 1, 0, 0, 2, 0, 0, 0 ], [ 0, 1, 0, 0, 0, 0, 2 ], [ 0, 0, 1, 0, 0, 2, 0 ] ],
  [ [ 0, 0, 0, 0, 0, 24, 0 ], [ 0, 8, 0, 0, 2, 0, 14 ], [ 0, 0, 0, 2, 0, 22, 0 ], [ 0, 0, 12, 0, 0, 12, 0 ],
      [ 0, 8, 0, 0, 0, 0, 16 ], [ 1, 0, 11, 1, 0, 11, 0 ], [ 0, 7, 0, 0, 2, 0, 15 ] ],
  [ [ 0, 0, 0, 0, 0, 0, 24 ], [ 0, 0, 8, 2, 0, 14, 0 ], [ 0, 8, 0, 0, 2, 0, 14 ], [ 0, 12, 0, 0, 0, 0, 12 ],
      [ 0, 0, 8, 0, 0, 16, 0 ], [ 0, 7, 0, 0, 2, 0, 15 ], [ 1, 0, 7, 1, 0, 15, 0 ] ] ]