 degree:12
 order:70
[ 12, 12, 6, 7, 16, 16 ][ 1, 12, 0, 3, 0, 0, 12, 0, 3, 0, 0, 0, 0, 0, 9 ]
minimal polynomial:
[ x-12, x-9, x-7, x, x+7, x+9, x+12 ]
[ x-12, x-7, x, x+9 ]
[ x-6, x+1 ]
[ x-7, x, x+7 ]
[ x-16, x-2, x, x+14 ]
[ x-16, x-14, x-2, x, x+2, x+14, x+16 ]

 SITA:

[ [ [ 1, 0, 0, 0, 0, 0, 0 ], [ 0, 1, 0, 0, 0, 0, 0 ], [ 0, 0, 1, 0, 0, 0, 0 ], [ 0, 0, 0, 1, 0, 0, 0 ],
      [ 0, 0, 0, 0, 1, 0, 0 ], [ 0, 0, 0, 0, 0, 1, 0 ], [ 0, 0, 0, 0, 0, 0, 1 ] ],
  [ [ 0, 12, 0, 0, 0, 0, 0 ], [ 1, 0, 1, 6, 0, 4, 0 ], [ 0, 1, 0, 0, 7, 0, 4 ], [ 0, 12, 0, 0, 0, 0, 0 ],
      [ 0, 0, 12, 0, 0, 0, 0 ], [ 0, 3, 0, 0, 0, 0, 9 ], [ 0, 0, 3, 0, 0, 9, 0 ] ],
  [ [ 0, 0, 12, 0, 0, 0, 0 ], [ 0, 1, 0, 0, 7, 0, 4 ], [ 1, 0, 1, 6, 0, 4, 0 ], [ 0, 0, 12, 0, 0, 0, 0 ],
      [ 0, 12, 0, 0, 0, 0, 0 ], [ 0, 0, 3, 0, 0, 9, 0 ], [ 0, 3, 0, 0, 0, 0, 9 ] ],
  [ [ 0, 0, 0, 6, 0, 0, 0 ], [ 0, 6, 0, 0, 0, 0, 0 ], [ 0, 0, 6, 0, 0, 0, 0 ], [ 1, 0, 0, 5, 0, 0, 0 ],
      [ 0, 0, 0, 0, 6, 0, 0 ], [ 0, 0, 0, 0, 0, 6, 0 ], [ 0, 0, 0, 0, 0, 0, 6 ] ],
  [ [ 0, 0, 0, 0, 7, 0, 0 ], [ 0, 0, 7, 0, 0, 0, 0 ], [ 0, 7, 0, 0, 0, 0, 0 ], [ 0, 0, 0, 0, 7, 0, 0 ],
      [ 1, 0, 0, 6, 0, 0, 0 ], [ 0, 0, 0, 0, 0, 0, 7 ], [ 0, 0, 0, 0, 0, 7, 0 ] ],
  [ [ 0, 0, 0, 0, 0, 16, 0 ], [ 0, 4, 0, 0, 0, 0, 12 ], [ 0, 0, 4, 0, 0, 12, 0 ], [ 0, 0, 0, 0, 0, 16, 0 ],
      [ 0, 0, 0, 0, 0, 0, 16 ], [ 1, 0, 9, 6, 0, 0, 0 ], [ 0, 9, 0, 0, 7, 0, 0 ] ],
  [ [ 0, 0, 0, 0, 0, 0, 16 ], [ 0, 0, 4, 0, 0, 12, 0 ], [ 0, 4, 0, 0, 0, 0, 12 ], [ 0, 0, 0, 0, 0, 0, 16 ],
      [ 0, 0, 0, 0, 0, 16, 0 ], [ 0, 9, 0, 0, 7, 0, 0 ], [ 1, 0, 9, 6, 0, 0, 0 ] ] ]