 degree:12
 order:90
[ 12, 4, 4, 9, 24, 36 ][ 6, 0, 0, 0, 3, 0, 0, 1, 0, 0, 2, 0, 0, 3, 6 ]
minimal polynomial:
[ x-12, x-3, x, x+3, x+12, x^2-18 ]1
[ x-4, x-1, x+2 ]
[ x-4, x-1, x+2 ]
[ x-9, x, x+9 ]
[ x-24, x-6, x, x+6, x+24, x^2-18 ]
[ x-36, x, x+9 ]

 SITA:


[ [ [ 1, 0, 0, 0, 0, 0, 0 ], [ 0, 1, 0, 0, 0, 0, 0 ], [ 0, 0, 1, 0, 0, 0, 0 ], [ 0, 0, 0, 1, 0, 0, 0 ],
      [ 0, 0, 0, 0, 1, 0, 0 ], [ 0, 0, 0, 0, 0, 1, 0 ], [ 0, 0, 0, 0, 0, 0, 1 ] ],
  [ [ 0, 12, 0, 0, 0, 0, 0 ], [ 1, 0, 2, 0, 0, 0, 9 ], [ 0, 6, 0, 0, 0, 6, 0 ], [ 0, 0, 0, 0, 0, 12, 0 ],
      [ 0, 0, 0, 0, 0, 0, 12 ], [ 0, 0, 1, 2, 0, 0, 9 ], [ 0, 3, 0, 0, 3, 6, 0 ] ],
  [ [ 0, 0, 4, 0, 0, 0, 0 ], [ 0, 2, 0, 0, 0, 2, 0 ], [ 1, 0, 1, 2, 0, 0, 0 ], [ 0, 0, 2, 2, 0, 0, 0 ],
      [ 0, 0, 0, 0, 4, 0, 0 ], [ 0, 1, 0, 0, 0, 3, 0 ], [ 0, 0, 0, 0, 0, 0, 4 ] ],
  [ [ 0, 0, 0, 4, 0, 0, 0 ], [ 0, 0, 0, 0, 0, 4, 0 ], [ 0, 0, 2, 2, 0, 0, 0 ], [ 1, 0, 2, 1, 0, 0, 0 ],
      [ 0, 0, 0, 0, 4, 0, 0 ], [ 0, 2, 0, 0, 0, 2, 0 ], [ 0, 0, 0, 0, 0, 0, 4 ] ],
  [ [ 0, 0, 0, 0, 9, 0, 0 ], [ 0, 0, 0, 0, 0, 0, 9 ], [ 0, 0, 0, 0, 9, 0, 0 ], [ 0, 0, 0, 0, 9, 0, 0 ],
      [ 1, 0, 4, 4, 0, 0, 0 ], [ 0, 0, 0, 0, 0, 0, 9 ], [ 0, 3, 0, 0, 0, 6, 0 ] ],
  [ [ 0, 0, 0, 0, 0, 24, 0 ], [ 0, 0, 2, 4, 0, 0, 18 ], [ 0, 6, 0, 0, 0, 18, 0 ], [ 0, 12, 0, 0, 0, 12, 0 ],
      [ 0, 0, 0, 0, 0, 0, 24 ], [ 1, 0, 3, 2, 0, 0, 18 ], [ 0, 6, 0, 0, 6, 12, 0 ] ],
  [ [ 0, 0, 0, 0, 0, 0, 36 ], [ 0, 9, 0, 0, 9, 18, 0 ], [ 0, 0, 0, 0, 0, 0, 36 ], [ 0, 0, 0, 0, 0, 0, 36 ],
      [ 0, 12, 0, 0, 0, 24, 0 ], [ 0, 9, 0, 0, 9, 18, 0 ], [ 1, 0, 4, 4, 0, 0, 27 ] ] ]