 degree:12
 order:126
[ 12, 12, 1, 10, 30, 60 ][ 1, 0, 6, 0, 1, 12, 6, 0, 1, 0, 0, 0, 0, 0, 6 ]
minimal polynomial:
[ x-12, x-8, x-3, x, x+4, x+6, x+9 ]
[ x-12, x-8, x-4, x, x+3, x+6, x+9 ]
[ x-1, x+1 ]
[ x-10, x, x+2 ]
[ x-30, x, x+12 ]
[ x-60, x-18, x, x+16, x+30 ]

 SITA: 


[ [ [ 1, 0, 0, 0, 0, 0, 0 ], [ 0, 1, 0, 0, 0, 0, 0 ], [ 0, 0, 1, 0, 0, 0, 0 ], [ 0, 0, 0, 1, 0, 0, 0 ],
      [ 0, 0, 0, 0, 1, 0, 0 ], [ 0, 0, 0, 0, 0, 1, 0 ], [ 0, 0, 0, 0, 0, 0, 1 ] ],
  [ [ 0, 12, 0, 0, 0, 0, 0 ], [ 1, 0, 1, 0, 5, 0, 5 ], [ 0, 1, 0, 1, 5, 0, 5 ], [ 0, 0, 12, 0, 0, 0, 0 ],
      [ 0, 6, 6, 0, 0, 0, 0 ], [ 0, 0, 0, 0, 0, 0, 12 ], [ 0, 1, 1, 0, 0, 6, 4 ] ],
  [ [ 0, 0, 12, 0, 0, 0, 0 ], [ 0, 1, 0, 1, 5, 0, 5 ], [ 1, 0, 1, 0, 5, 0, 5 ], [ 0, 12, 0, 0, 0, 0, 0 ],
      [ 0, 6, 6, 0, 0, 0, 0 ], [ 0, 0, 0, 0, 0, 0, 12 ], [ 0, 1, 1, 0, 0, 6, 4 ] ],
  [ [ 0, 0, 0, 1, 0, 0, 0 ], [ 0, 0, 1, 0, 0, 0, 0 ], [ 0, 1, 0, 0, 0, 0, 0 ], [ 1, 0, 0, 0, 0, 0, 0 ],
      [ 0, 0, 0, 0, 1, 0, 0 ], [ 0, 0, 0, 0, 0, 1, 0 ], [ 0, 0, 0, 0, 0, 0, 1 ] ],
  [ [ 0, 0, 0, 0, 10, 0, 0 ], [ 0, 5, 5, 0, 0, 0, 0 ], [ 0, 5, 5, 0, 0, 0, 0 ], [ 0, 0, 0, 0, 10, 0, 0 ],
      [ 1, 0, 0, 1, 8, 0, 0 ], [ 0, 0, 0, 0, 0, 10, 0 ], [ 0, 0, 0, 0, 0, 0, 10 ] ],
  [ [ 0, 0, 0, 0, 0, 30, 0 ], [ 0, 0, 0, 0, 0, 0, 30 ], [ 0, 0, 0, 0, 0, 0, 30 ], [ 0, 0, 0, 0, 0, 30, 0 ],
      [ 0, 0, 0, 0, 0, 30, 0 ], [ 1, 0, 0, 1, 10, 18, 0 ], [ 0, 6, 6, 0, 0, 0, 18 ] ],
  [ [ 0, 0, 0, 0, 0, 0, 60 ], [ 0, 5, 5, 0, 0, 30, 20 ], [ 0, 5, 5, 0, 0, 30, 20 ], [ 0, 0, 0, 0, 0, 0, 60 ],
      [ 0, 0, 0, 0, 0, 0, 60 ], [ 0, 12, 12, 0, 0, 0, 36 ], [ 1, 4, 4, 1, 10, 18, 22 ] ] ]