 degree:12
 order:90
[ 12, 16, 1, 12, 24, 24 ][ 3, 12, 4, 0, 1, 0, 0, 6, 0, 0, 0, 0, 1, 3, 5 ]
minimal polynomial:
[ x-12, x, x+6, x^2-3*x-9, x^2+6*x-36 ]1
[ x-16, x, x+2 ]
[ x-1, x+1 ]
[ x-12, x-6, x, x^2+3*x-9, x^2+6*x-36 ]
[ x-24, x-6, x, x^2+3*x-9, x^2+12*x-144 ]
[ x-24, x, x+6, x^2-3*x-9, x^2+12*x-144 ]

 SITA:


[ [ [ 1, 0, 0, 0, 0, 0, 0 ], [ 0, 1, 0, 0, 0, 0, 0 ], [ 0, 0, 1, 0, 0, 0, 0 ], [ 0, 0, 0, 1, 0, 0, 0 ],
      [ 0, 0, 0, 0, 1, 0, 0 ], [ 0, 0, 0, 0, 0, 1, 0 ], [ 0, 0, 0, 0, 0, 0, 1 ] ],
  [ [ 0, 12, 0, 0, 0, 0, 0 ], [ 1, 0, 4, 1, 4, 0, 2 ], [ 0, 3, 0, 0, 0, 9, 0 ], [ 0, 12, 0, 0, 0, 0, 0 ],
      [ 0, 4, 0, 0, 0, 2, 6 ], [ 0, 0, 6, 0, 1, 0, 5 ], [ 0, 1, 0, 0, 3, 5, 3 ] ],
  [ [ 0, 0, 16, 0, 0, 0, 0 ], [ 0, 4, 0, 0, 0, 12, 0 ], [ 1, 0, 14, 1, 0, 0, 0 ], [ 0, 0, 16, 0, 0, 0, 0 ],
      [ 0, 0, 0, 0, 4, 0, 12 ], [ 0, 6, 0, 0, 0, 10, 0 ], [ 0, 0, 0, 0, 6, 0, 10 ] ],
  [ [ 0, 0, 0, 1, 0, 0, 0 ], [ 0, 1, 0, 0, 0, 0, 0 ], [ 0, 0, 1, 0, 0, 0, 0 ], [ 1, 0, 0, 0, 0, 0, 0 ],
      [ 0, 0, 0, 0, 1, 0, 0 ], [ 0, 0, 0, 0, 0, 1, 0 ], [ 0, 0, 0, 0, 0, 0, 1 ] ],
  [ [ 0, 0, 0, 0, 12, 0, 0 ], [ 0, 4, 0, 0, 0, 2, 6 ], [ 0, 0, 0, 0, 3, 0, 9 ], [ 0, 0, 0, 0, 12, 0, 0 ],
      [ 1, 0, 4, 1, 0, 6, 0 ], [ 0, 1, 0, 0, 3, 5, 3 ], [ 0, 3, 6, 0, 0, 3, 0 ] ],
  [ [ 0, 0, 0, 0, 0, 24, 0 ], [ 0, 0, 12, 0, 2, 0, 10 ], [ 0, 9, 0, 0, 0, 15, 0 ], [ 0, 0, 0, 0, 0, 24, 0 ],
      [ 0, 2, 0, 0, 6, 10, 6 ], [ 1, 0, 10, 1, 5, 0, 7 ], [ 0, 5, 0, 0, 3, 7, 9 ] ],
  [ [ 0, 0, 0, 0, 0, 0, 24 ], [ 0, 2, 0, 0, 6, 10, 6 ], [ 0, 0, 0, 0, 9, 0, 15 ], [ 0, 0, 0, 0, 0, 0, 24 ],
      [ 0, 6, 12, 0, 0, 6, 0 ], [ 0, 5, 0, 0, 3, 7, 9 ], [ 1, 3, 10, 1, 0, 9, 0 ] ] ]