 degree:12
 order:48
[ 12, 12, 2, 3, 6, 12 ][ 4, 0, 4, 4, 1, 6, 0, 6, 4, 0, 0, 1, 0, 2, 1 ]
minimal polynomial:
[ x-12, x-2, x, x+4, x+6, x^2-2*x-12 ]1
[ x-12, x, x+4 ]
[ x-2, x+1 ]
[ x-3, x+1 ]
[ x-6, x-1, x+2, x+3 ]
[ x-12, x-2, x, x+4, x+6, x^2+2*x-12 ]

 SITA:

[ [ [ 1, 0, 0, 0, 0, 0, 0 ], [ 0, 1, 0, 0, 0, 0, 0 ], [ 0, 0, 1, 0, 0, 0, 0 ], [ 0, 0, 0, 1, 0, 0, 0 ],
      [ 0, 0, 0, 0, 1, 0, 0 ], [ 0, 0, 0, 0, 0, 1, 0 ], [ 0, 0, 0, 0, 0, 0, 1 ] ],
  [ [ 0, 12, 0, 0, 0, 0, 0 ], [ 1, 3, 4, 0, 1, 2, 1 ], [ 0, 4, 0, 1, 0, 3, 4 ], [ 0, 0, 6, 0, 0, 0, 6 ],
      [ 0, 4, 0, 0, 0, 0, 8 ], [ 0, 4, 6, 0, 0, 0, 2 ], [ 0, 1, 4, 1, 2, 1, 3 ] ],
  [ [ 0, 0, 12, 0, 0, 0, 0 ], [ 0, 4, 0, 1, 0, 3, 4 ], [ 1, 0, 8, 0, 3, 0, 0 ], [ 0, 6, 0, 0, 0, 0, 6 ],
      [ 0, 0, 12, 0, 0, 0, 0 ], [ 0, 6, 0, 0, 0, 0, 6 ], [ 0, 4, 0, 1, 0, 3, 4 ] ],
  [ [ 0, 0, 0, 2, 0, 0, 0 ], [ 0, 0, 1, 0, 0, 0, 1 ], [ 0, 1, 0, 0, 0, 0, 1 ], [ 1, 0, 0, 1, 0, 0, 0 ],
      [ 0, 0, 0, 0, 0, 2, 0 ], [ 0, 0, 0, 0, 1, 1, 0 ], [ 0, 1, 1, 0, 0, 0, 0 ] ],
  [ [ 0, 0, 0, 0, 3, 0, 0 ], [ 0, 1, 0, 0, 0, 0, 2 ], [ 0, 0, 3, 0, 0, 0, 0 ], [ 0, 0, 0, 0, 0, 3, 0 ],
      [ 1, 0, 0, 0, 2, 0, 0 ], [ 0, 0, 0, 1, 0, 2, 0 ], [ 0, 2, 0, 0, 0, 0, 1 ] ],
  [ [ 0, 0, 0, 0, 0, 6, 0 ], [ 0, 2, 3, 0, 0, 0, 1 ], [ 0, 3, 0, 0, 0, 0, 3 ], [ 0, 0, 0, 0, 3, 3, 0 ],
      [ 0, 0, 0, 2, 0, 4, 0 ], [ 1, 0, 0, 1, 2, 2, 0 ], [ 0, 1, 3, 0, 0, 0, 2 ] ],
  [ [ 0, 0, 0, 0, 0, 0, 12 ], [ 0, 1, 4, 1, 2, 1, 3 ], [ 0, 4, 0, 1, 0, 3, 4 ], [ 0, 6, 6, 0, 0, 0, 0 ],
      [ 0, 8, 0, 0, 0, 0, 4 ], [ 0, 2, 6, 0, 0, 0, 4 ], [ 1, 3, 4, 0, 1, 2, 1 ] ] ]