 degree:12
 order:80
[ 12, 12, 3, 4, 24, 24 ][ 2, 4, 0, 3, 1, 8, 0, 3, 1, 0, 0, 0, 0, 2, 6 ]
minimal polynomial:
[ x-12, x-2, x, x+4, x+8, x^2-24 ]1
[ x-12, x-4, x, x+2, x+8, x^2-24 ]
[ x-3, x+1 ]
[ x-4, x, x+4 ]
[ x-24, x, x+8 ]
[ x-24, x, x+16, x^2-96 ]

 SITA: 

[ [ [ 1, 0, 0, 0, 0, 0, 0 ], [ 0, 1, 0, 0, 0, 0, 0 ], [ 0, 0, 1, 0, 0, 0, 0 ], [ 0, 0, 0, 1, 0, 0, 0 ],
      [ 0, 0, 0, 0, 1, 0, 0 ], [ 0, 0, 0, 0, 0, 1, 0 ], [ 0, 0, 0, 0, 0, 0, 1 ] ],
  [ [ 0, 12, 0, 0, 0, 0, 0 ], [ 1, 0, 2, 1, 0, 6, 2 ], [ 0, 2, 0, 2, 0, 6, 2 ], [ 0, 4, 8, 0, 0, 0, 0 ],
      [ 0, 0, 0, 0, 0, 0, 12 ], [ 0, 3, 3, 0, 0, 0, 6 ], [ 0, 1, 1, 0, 2, 6, 2 ] ],
  [ [ 0, 0, 12, 0, 0, 0, 0 ], [ 0, 2, 0, 2, 0, 6, 2 ], [ 1, 0, 2, 1, 0, 6, 2 ], [ 0, 8, 4, 0, 0, 0, 0 ],
      [ 0, 0, 0, 0, 0, 0, 12 ], [ 0, 3, 3, 0, 0, 0, 6 ], [ 0, 1, 1, 0, 2, 6, 2 ] ],
  [ [ 0, 0, 0, 3, 0, 0, 0 ], [ 0, 1, 2, 0, 0, 0, 0 ], [ 0, 2, 1, 0, 0, 0, 0 ], [ 1, 0, 0, 2, 0, 0, 0 ],
      [ 0, 0, 0, 0, 3, 0, 0 ], [ 0, 0, 0, 0, 0, 3, 0 ], [ 0, 0, 0, 0, 0, 0, 3 ] ],
  [ [ 0, 0, 0, 0, 4, 0, 0 ], [ 0, 0, 0, 0, 0, 0, 4 ], [ 0, 0, 0, 0, 0, 0, 4 ], [ 0, 0, 0, 0, 4, 0, 0 ],
      [ 1, 0, 0, 3, 0, 0, 0 ], [ 0, 0, 0, 0, 0, 4, 0 ], [ 0, 2, 2, 0, 0, 0, 0 ] ],
  [ [ 0, 0, 0, 0, 0, 24, 0 ], [ 0, 6, 6, 0, 0, 0, 12 ], [ 0, 6, 6, 0, 0, 0, 12 ], [ 0, 0, 0, 0, 0, 24, 0 ],
      [ 0, 0, 0, 0, 0, 24, 0 ], [ 1, 0, 0, 3, 4, 16, 0 ], [ 0, 6, 6, 0, 0, 0, 12 ] ],
  [ [ 0, 0, 0, 0, 0, 0, 24 ], [ 0, 2, 2, 0, 4, 12, 4 ], [ 0, 2, 2, 0, 4, 12, 4 ], [ 0, 0, 0, 0, 0, 0, 24 ],
      [ 0, 12, 12, 0, 0, 0, 0 ], [ 0, 6, 6, 0, 0, 0, 12 ], [ 1, 2, 2, 3, 0, 12, 4 ] ] ]