 degree:12
 order:84
[ 12, 24, 2, 9, 12, 24 ][ 3, 0, 4, 0, 1, 0, 0, 6, 3, 0, 0, 1, 0, 3, 3 ]
minimal polynomial:
[ x-12, x, x+6, x^2-2*x-6, x^2+4*x-24 ]1
[ x-24, x-6, x, x^2+2*x-6, x^2+8*x-96 ]
[ x-2, x+1 ]
[ x-9, x, x+3 ]
[ x-12, x, x+6, x^2-2*x-6, x^2+4*x-24 ]
[ x-24, x-6, x, x^2+2*x-6, x^2+8*x-96 ]
 SITA:

[ [ [ 1, 0, 0, 0, 0, 0, 0 ], [ 0, 1, 0, 0, 0, 0, 0 ], [ 0, 0, 1, 0, 0, 0, 0 ], [ 0, 0, 0, 1, 0, 0, 0 ],[ 0, 0, 0, 0, 1, 0, 0 ], [ 0, 0, 0, 0, 0, 1, 0 ], [ 0, 0, 0, 0, 0, 0, 1 ] ],
  [ [ 0, 12, 0, 0, 0, 0, 0 ], [ 1, 0, 6, 0, 3, 0, 2 ], [ 0, 3, 3, 0, 0, 3, 3 ], [ 0, 0, 0, 0, 0, 0, 12 ],[ 0, 4, 0, 0, 0, 0, 8 ], [ 0, 0, 6, 0, 0, 0, 6 ], [ 0, 1, 3, 1, 3, 3, 1 ] ],
  [ [ 0, 0, 24, 0, 0, 0, 0 ], [ 0, 6, 6, 0, 0, 6, 6 ], [ 1, 3, 3, 1, 6, 1, 9 ], [ 0, 0, 12, 0, 0, 12, 0 ],[ 0, 0, 16, 0, 0, 8, 0 ], [ 0, 6, 2, 2, 6, 2, 6 ], [ 0, 3, 9, 0, 0, 3, 9 ] ],
  [ [ 0, 0, 0, 2, 0, 0, 0 ], [ 0, 0, 0, 0, 0, 0, 2 ], [ 0, 0, 1, 0, 0, 1, 0 ], [ 1, 0, 0, 1, 0, 0, 0 ],[ 0, 0, 0, 0, 2, 0, 0 ], [ 0, 0, 2, 0, 0, 0, 0 ], [ 0, 1, 0, 0, 0, 0, 1 ] ],
  [ [ 0, 0, 0, 0, 9, 0, 0 ], [ 0, 3, 0, 0, 0, 0, 6 ], [ 0, 0, 6, 0, 0, 3, 0 ], [ 0, 0, 0, 0, 9, 0, 0 ],[ 1, 0, 0, 2, 6, 0, 0 ], [ 0, 0, 6, 0, 0, 3, 0 ], [ 0, 3, 0, 0, 0, 0, 6 ] ],
  [ [ 0, 0, 0, 0, 0, 12, 0 ], [ 0, 0, 6, 0, 0, 0, 6 ], [ 0, 3, 1, 1, 3, 1, 3 ], [ 0, 0, 12, 0, 0, 0, 0 ],[ 0, 0, 8, 0, 0, 4, 0 ], [ 1, 0, 2, 0, 3, 0, 6 ], [ 0, 3, 3, 0, 0, 3, 3 ] ],
  [ [ 0, 0, 0, 0, 0, 0, 24 ], [ 0, 2, 6, 2, 6, 6, 2 ], [ 0, 3, 9, 0, 0, 3, 9 ], [ 0, 12, 0, 0, 0, 0, 12 ],[ 0, 8, 0, 0, 0, 0, 16 ], [ 0, 6, 6, 0, 0, 6, 6 ], [ 1, 1, 9, 1, 6, 3, 3 ] ] ]