 degree:12
 order:80
[ 12, 12, 3, 4, 24, 24 ][ 4, 4, 6, 2, 0, 8, 6, 2, 0, 0, 0, 0, 0, 0, 8 ]
minimal polynomial:
[ x-12, x-8, x, x+4, x+8, x^2+4*x-8 ]1
[ x-12, x-8, x, x+4, x+8, x^2-4*x-8 ]
[ x-3, x+1 ]
[ x-4, x, x+4 ]
[ x-24, x, x+8 ]
[ x-24, x-8, x, x+16 ]

 SITA: 


[ [ [ 1, 0, 0, 0, 0, 0, 0 ], [ 0, 1, 0, 0, 0, 0, 0 ], [ 0, 0, 1, 0, 0, 0, 0 ], [ 0, 0, 0, 1, 0, 0, 0 ],
      [ 0, 0, 0, 0, 1, 0, 0 ], [ 0, 0, 0, 0, 0, 1, 0 ], [ 0, 0, 0, 0, 0, 0, 1 ] ],
  [ [ 0, 12, 0, 0, 0, 0, 0 ], [ 1, 0, 4, 1, 2, 4, 0 ], [ 0, 4, 0, 2, 2, 4, 0 ], [ 0, 4, 8, 0, 0, 0, 0 ],
      [ 0, 6, 6, 0, 0, 0, 0 ], [ 0, 2, 2, 0, 0, 0, 8 ], [ 0, 0, 0, 0, 0, 8, 4 ] ],
  [ [ 0, 0, 12, 0, 0, 0, 0 ], [ 0, 4, 0, 2, 2, 4, 0 ], [ 1, 0, 4, 1, 2, 4, 0 ], [ 0, 8, 4, 0, 0, 0, 0 ],
      [ 0, 6, 6, 0, 0, 0, 0 ], [ 0, 2, 2, 0, 0, 0, 8 ], [ 0, 0, 0, 0, 0, 8, 4 ] ],
  [ [ 0, 0, 0, 3, 0, 0, 0 ], [ 0, 1, 2, 0, 0, 0, 0 ], [ 0, 2, 1, 0, 0, 0, 0 ], [ 1, 0, 0, 2, 0, 0, 0 ],
      [ 0, 0, 0, 0, 3, 0, 0 ], [ 0, 0, 0, 0, 0, 3, 0 ], [ 0, 0, 0, 0, 0, 0, 3 ] ],
  [ [ 0, 0, 0, 0, 4, 0, 0 ], [ 0, 2, 2, 0, 0, 0, 0 ], [ 0, 2, 2, 0, 0, 0, 0 ], [ 0, 0, 0, 0, 4, 0, 0 ],
      [ 1, 0, 0, 3, 0, 0, 0 ], [ 0, 0, 0, 0, 0, 4, 0 ], [ 0, 0, 0, 0, 0, 0, 4 ] ],
  [ [ 0, 0, 0, 0, 0, 24, 0 ], [ 0, 4, 4, 0, 0, 0, 16 ], [ 0, 4, 4, 0, 0, 0, 16 ], [ 0, 0, 0, 0, 0, 24, 0 ],
      [ 0, 0, 0, 0, 0, 24, 0 ], [ 1, 0, 0, 3, 4, 16, 0 ], [ 0, 8, 8, 0, 0, 0, 8 ] ],
  [ [ 0, 0, 0, 0, 0, 0, 24 ], [ 0, 0, 0, 0, 0, 16, 8 ], [ 0, 0, 0, 0, 0, 16, 8 ], [ 0, 0, 0, 0, 0, 0, 24 ],
      [ 0, 0, 0, 0, 0, 0, 24 ], [ 0, 8, 8, 0, 0, 0, 8 ], [ 1, 4, 4, 3, 4, 8, 0 ] ] ]