 degree:12
 order:52
[ 12, 12, 1, 2, 12, 12 ][ 4, 12, 0, 6, 0, 0, 12, 0, 6, 0, 0, 0, 0, 0, 6 ]
minimal polynomial:
[ x-12, x, x+12, x^2-2*x-12, x^2+2*x-12 ]1
[ x-12, x, x^2+2*x-12 ]
[ x-1, x+1 ]
[ x-2, x, x+2 ]
[ x-12, x, x^2+2*x-12 ]
[ x-12, x, x+12, x^2-2*x-12, x^2+2*x-12 ]

 SITA:

[ [ [ 1, 0, 0, 0, 0, 0, 0 ], [ 0, 1, 0, 0, 0, 0, 0 ], [ 0, 0, 1, 0, 0, 0, 0 ], [ 0, 0, 0, 1, 0, 0, 0 ],
      [ 0, 0, 0, 0, 1, 0, 0 ], [ 0, 0, 0, 0, 0, 1, 0 ], [ 0, 0, 0, 0, 0, 0, 1 ] ],
  [ [ 0, 12, 0, 0, 0, 0, 0 ], [ 1, 0, 4, 1, 0, 6, 0 ], [ 0, 4, 0, 0, 2, 0, 6 ], [ 0, 12, 0, 0, 0, 0, 0 ],
      [ 0, 0, 12, 0, 0, 0, 0 ], [ 0, 6, 0, 0, 0, 0, 6 ], [ 0, 0, 6, 0, 0, 6, 0 ] ],
  [ [ 0, 0, 12, 0, 0, 0, 0 ], [ 0, 4, 0, 0, 2, 0, 6 ], [ 1, 0, 4, 1, 0, 6, 0 ], [ 0, 0, 12, 0, 0, 0, 0 ],
      [ 0, 12, 0, 0, 0, 0, 0 ], [ 0, 0, 6, 0, 0, 6, 0 ], [ 0, 6, 0, 0, 0, 0, 6 ] ],
  [ [ 0, 0, 0, 1, 0, 0, 0 ], [ 0, 1, 0, 0, 0, 0, 0 ], [ 0, 0, 1, 0, 0, 0, 0 ], [ 1, 0, 0, 0, 0, 0, 0 ],
      [ 0, 0, 0, 0, 1, 0, 0 ], [ 0, 0, 0, 0, 0, 1, 0 ], [ 0, 0, 0, 0, 0, 0, 1 ] ],
  [ [ 0, 0, 0, 0, 2, 0, 0 ], [ 0, 0, 2, 0, 0, 0, 0 ], [ 0, 2, 0, 0, 0, 0, 0 ], [ 0, 0, 0, 0, 2, 0, 0 ],
      [ 1, 0, 0, 1, 0, 0, 0 ], [ 0, 0, 0, 0, 0, 0, 2 ], [ 0, 0, 0, 0, 0, 2, 0 ] ],
  [ [ 0, 0, 0, 0, 0, 12, 0 ], [ 0, 6, 0, 0, 0, 0, 6 ], [ 0, 0, 6, 0, 0, 6, 0 ], [ 0, 0, 0, 0, 0, 12, 0 ],
      [ 0, 0, 0, 0, 0, 0, 12 ], [ 1, 0, 6, 1, 0, 4, 0 ], [ 0, 6, 0, 0, 2, 0, 4 ] ],
  [ [ 0, 0, 0, 0, 0, 0, 12 ], [ 0, 0, 6, 0, 0, 6, 0 ], [ 0, 6, 0, 0, 0, 0, 6 ], [ 0, 0, 0, 0, 0, 0, 12 ],
      [ 0, 0, 0, 0, 0, 12, 0 ], [ 0, 6, 0, 0, 2, 0, 4 ], [ 1, 0, 6, 1, 0, 4, 0 ] ] ]

