 degree:12
 order:48
[ 12, 12, 3, 6, 6, 8 ][ 4, 4, 2, 6, 3, 8, 6, 2, 3, 0, 0, 0, 0, 3, 3 ]
minimal polynomial:
[ x-12, x-2, x, x+4, x+6, x^2+4*x-16 ]1
[ x-12, x-2, x, x+4, x+6, x^2-4*x-16 ]
[ x-3, x+1 ]
[ x-6, x-2, x+2 ]
[ x-6, x-2, x+2 ]
[ x-8, x, x+4 ]

 SITA:

[ [ [ 1, 0, 0, 0, 0, 0, 0 ], [ 0, 1, 0, 0, 0, 0, 0 ], [ 0, 0, 1, 0, 0, 0, 0 ], [ 0, 0, 0, 1, 0, 0, 0 ],
      [ 0, 0, 0, 0, 1, 0, 0 ], [ 0, 0, 0, 0, 0, 1, 0 ], [ 0, 0, 0, 0, 0, 0, 1 ] ],
  [ [ 0, 12, 0, 0, 0, 0, 0 ], [ 1, 0, 4, 1, 1, 3, 2 ], [ 0, 4, 0, 2, 3, 1, 2 ], [ 0, 4, 8, 0, 0, 0, 0 ],
      [ 0, 2, 6, 0, 0, 0, 4 ], [ 0, 6, 2, 0, 0, 0, 4 ], [ 0, 3, 3, 0, 3, 3, 0 ] ],
  [ [ 0, 0, 12, 0, 0, 0, 0 ], [ 0, 4, 0, 2, 3, 1, 2 ], [ 1, 0, 4, 1, 1, 3, 2 ], [ 0, 8, 4, 0, 0, 0, 0 ],
      [ 0, 6, 2, 0, 0, 0, 4 ], [ 0, 2, 6, 0, 0, 0, 4 ], [ 0, 3, 3, 0, 3, 3, 0 ] ],
  [ [ 0, 0, 0, 3, 0, 0, 0 ], [ 0, 1, 2, 0, 0, 0, 0 ], [ 0, 2, 1, 0, 0, 0, 0 ], [ 1, 0, 0, 2, 0, 0, 0 ],
      [ 0, 0, 0, 0, 1, 2, 0 ], [ 0, 0, 0, 0, 2, 1, 0 ], [ 0, 0, 0, 0, 0, 0, 3 ] ],
  [ [ 0, 0, 0, 0, 6, 0, 0 ], [ 0, 1, 3, 0, 0, 0, 2 ], [ 0, 3, 1, 0, 0, 0, 2 ], [ 0, 0, 0, 0, 2, 4, 0 ],
      [ 1, 0, 0, 1, 2, 2, 0 ], [ 0, 0, 0, 2, 2, 2, 0 ], [ 0, 3, 3, 0, 0, 0, 0 ] ],
  [ [ 0, 0, 0, 0, 0, 6, 0 ], [ 0, 3, 1, 0, 0, 0, 2 ], [ 0, 1, 3, 0, 0, 0, 2 ], [ 0, 0, 0, 0, 4, 2, 0 ],
      [ 0, 0, 0, 2, 2, 2, 0 ], [ 1, 0, 0, 1, 2, 2, 0 ], [ 0, 3, 3, 0, 0, 0, 0 ] ],
  [ [ 0, 0, 0, 0, 0, 0, 8 ], [ 0, 2, 2, 0, 2, 2, 0 ], [ 0, 2, 2, 0, 2, 2, 0 ], [ 0, 0, 0, 0, 0, 0, 8 ],
      [ 0, 4, 4, 0, 0, 0, 0 ], [ 0, 4, 4, 0, 0, 0, 0 ], [ 1, 0, 0, 3, 0, 0, 4 ] ] ]