 degree:8
 order:30
[ 8, 4, 1, 4, 4, 8 ][ 4, 8, 0, 4, 2, 0, 4, 0, 0, 0, 0, 0, 0, 2, 2 ]
minimal polynomial:
[ x-8, x, x+4, x^2-2*x-4, x^2+4*x-16 ]1        
[ x-4, x, x+2 ]
[ x-1, x+1 ]
[ x-4, x, x^2+2*x-4 ]
[ x-4, x, x^2+2*x-4 ]
[ x-8, x, x+4, x^2-2*x-4, x^2+4*x-16 ]

 SITA:

[ [ [ 1, 0, 0, 0, 0, 0, 0 ], [ 0, 1, 0, 0, 0, 0, 0 ], [ 0, 0, 1, 0, 0, 0, 0 ], 
      [ 0, 0, 0, 1, 0, 0, 0 ], [ 0, 0, 0, 0, 1, 0, 0 ], [ 0, 0, 0, 0, 0, 1, 0 ], 
      [ 0, 0, 0, 0, 0, 0, 1 ] ], 
  [ [ 0, 8, 0, 0, 0, 0, 0 ], [ 1, 0, 2, 1, 0, 2, 2 ], [ 0, 4, 0, 0, 4, 0, 0 ], 
      [ 0, 8, 0, 0, 0, 0, 0 ], [ 0, 0, 4, 0, 0, 0, 4 ], [ 0, 4, 0, 0, 0, 0, 4 ], 
      [ 0, 2, 0, 0, 2, 2, 2 ] ], 
  [ [ 0, 0, 4, 0, 0, 0, 0 ], [ 0, 2, 0, 0, 2, 0, 0 ], [ 1, 0, 2, 1, 0, 0, 0 ], 
      [ 0, 0, 4, 0, 0, 0, 0 ], [ 0, 4, 0, 0, 0, 0, 0 ], [ 0, 0, 0, 0, 0, 0, 4 ], 
      [ 0, 0, 0, 0, 0, 2, 2 ] ], 
  [ [ 0, 0, 0, 1, 0, 0, 0 ], [ 0, 1, 0, 0, 0, 0, 0 ], [ 0, 0, 1, 0, 0, 0, 0 ], 
      [ 1, 0, 0, 0, 0, 0, 0 ], [ 0, 0, 0, 0, 1, 0, 0 ], [ 0, 0, 0, 0, 0, 1, 0 ], 
      [ 0, 0, 0, 0, 0, 0, 1 ] ], 
  [ [ 0, 0, 0, 0, 4, 0, 0 ], [ 0, 0, 2, 0, 0, 0, 2 ], [ 0, 4, 0, 0, 0, 0, 0 ], 
      [ 0, 0, 0, 0, 4, 0, 0 ], [ 1, 0, 0, 1, 0, 2, 0 ], [ 0, 0, 0, 0, 2, 2, 0 ], 
      [ 0, 2, 0, 0, 0, 0, 2 ] ], 
  [ [ 0, 0, 0, 0, 0, 4, 0 ], [ 0, 2, 0, 0, 0, 0, 2 ], [ 0, 0, 0, 0, 0, 0, 4 ], 
      [ 0, 0, 0, 0, 0, 4, 0 ], [ 0, 0, 0, 0, 2, 2, 0 ], [ 1, 0, 0, 1, 2, 0, 0 ], 
      [ 0, 2, 2, 0, 0, 0, 0 ] ], 
  [ [ 0, 0, 0, 0, 0, 0, 8 ], [ 0, 2, 0, 0, 2, 2, 2 ], [ 0, 0, 0, 0, 0, 4, 4 ], 
      [ 0, 0, 0, 0, 0, 0, 8 ], [ 0, 4, 0, 0, 0, 0, 4 ], [ 0, 4, 4, 0, 0, 0, 0 ], 
      [ 1, 2, 2, 1, 2, 0, 0 ] ] ]