 degree:12
 order:108
[ 12, 12, 5, 12, 30, 36 ][ 3, 12, 0, 0, 1, 0, 9, 0, 0, 0, 0, 0, 0, 1, 10 ]
minimal polynomial:
[ x-12, x, x+12, x^2-90, x^2-54 ]1
[ x-12, x, x+6 ]
[ x-5, x+1 ]
[ x-12, x, x+12, x^2-90, x^2-54 ]
[ x-30, x, x+30, x^2-360 ]
[ x-36, x, x+18 ]

 SITA:

[ [ [ 1, 0, 0, 0, 0, 0, 0 ], [ 0, 1, 0, 0, 0, 0, 0 ], [ 0, 0, 1, 0, 0, 0, 0 ], [ 0, 0, 0, 1, 0, 0, 0 ],
      [ 0, 0, 0, 0, 1, 0, 0 ], [ 0, 0, 0, 0, 0, 1, 0 ], [ 0, 0, 0, 0, 0, 0, 1 ] ],
  [ [ 0, 12, 0, 0, 0, 0, 0 ], [ 1, 0, 3, 5, 0, 0, 3 ], [ 0, 3, 0, 0, 9, 0, 0 ], [ 0, 12, 0, 0, 0, 0, 0 ],
      [ 0, 0, 9, 0, 0, 0, 3 ], [ 0, 0, 0, 0, 0, 0, 12 ], [ 0, 1, 0, 0, 1, 10, 0 ] ],
  [ [ 0, 0, 12, 0, 0, 0, 0 ], [ 0, 3, 0, 0, 9, 0, 0 ], [ 1, 0, 6, 5, 0, 0, 0 ], [ 0, 0, 12, 0, 0, 0, 0 ],
      [ 0, 9, 0, 0, 3, 0, 0 ], [ 0, 0, 0, 0, 0, 12, 0 ], [ 0, 0, 0, 0, 0, 0, 12 ] ],
  [ [ 0, 0, 0, 5, 0, 0, 0 ], [ 0, 5, 0, 0, 0, 0, 0 ], [ 0, 0, 5, 0, 0, 0, 0 ], [ 1, 0, 0, 4, 0, 0, 0 ],
      [ 0, 0, 0, 0, 5, 0, 0 ], [ 0, 0, 0, 0, 0, 5, 0 ], [ 0, 0, 0, 0, 0, 0, 5 ] ],
  [ [ 0, 0, 0, 0, 12, 0, 0 ], [ 0, 0, 9, 0, 0, 0, 3 ], [ 0, 9, 0, 0, 3, 0, 0 ], [ 0, 0, 0, 0, 12, 0, 0 ],
      [ 1, 0, 3, 5, 0, 0, 3 ], [ 0, 0, 0, 0, 0, 0, 12 ], [ 0, 1, 0, 0, 1, 10, 0 ] ],
  [ [ 0, 0, 0, 0, 0, 30, 0 ], [ 0, 0, 0, 0, 0, 0, 30 ], [ 0, 0, 0, 0, 0, 30, 0 ], [ 0, 0, 0, 0, 0, 30, 0 ],
      [ 0, 0, 0, 0, 0, 0, 30 ], [ 1, 0, 12, 5, 0, 0, 12 ], [ 0, 10, 0, 0, 10, 10, 0 ] ],
  [ [ 0, 0, 0, 0, 0, 0, 36 ], [ 0, 3, 0, 0, 3, 30, 0 ], [ 0, 0, 0, 0, 0, 0, 36 ], [ 0, 0, 0, 0, 0, 0, 36 ],
      [ 0, 3, 0, 0, 3, 30, 0 ], [ 0, 12, 0, 0, 12, 12, 0 ], [ 1, 0, 12, 5, 0, 0, 18 ] ] ]
