 degree:12
 order:104
[ 12, 12, 3, 4, 36, 36 ][ 2, 0, 0, 3, 0, 0, 3, 0, 3, 0, 0, 1, 1, 0, 8 ]
minimal polynomial:
[ x-12, x-1, x, x+1, x+12, x^2-13 ]1
[ x-12, x+1 ]
[ x-3, x+1 ]
[ x-4, x, x+4 ]
[ x-36, x-1, x+3, x+12 ]
[ x-36, x-3, x, x+3, x+36, x^2-13 ]

 SITA: 

[ [ [ 1, 0, 0, 0, 0, 0, 0 ], [ 0, 1, 0, 0, 0, 0, 0 ], [ 0, 0, 1, 0, 0, 0, 0 ], [ 0, 0, 0, 1, 0, 0, 0 ],
      [ 0, 0, 0, 0, 1, 0, 0 ], [ 0, 0, 0, 0, 0, 1, 0 ], [ 0, 0, 0, 0, 0, 0, 1 ] ],
  [ [ 0, 12, 0, 0, 0, 0, 0 ], [ 1, 0, 2, 0, 0, 9, 0 ], [ 0, 2, 0, 0, 1, 0, 9 ], [ 0, 0, 0, 0, 0, 0, 12 ],
      [ 0, 0, 3, 0, 0, 9, 0 ], [ 0, 3, 0, 0, 1, 0, 8 ], [ 0, 0, 3, 1, 0, 8, 0 ] ],
  [ [ 0, 0, 12, 0, 0, 0, 0 ], [ 0, 2, 0, 0, 1, 0, 9 ], [ 1, 0, 11, 0, 0, 0, 0 ], [ 0, 0, 0, 0, 0, 12, 0 ],
      [ 0, 3, 0, 0, 0, 0, 9 ], [ 0, 0, 0, 1, 0, 11, 0 ], [ 0, 3, 0, 0, 1, 0, 8 ] ],
  [ [ 0, 0, 0, 3, 0, 0, 0 ], [ 0, 0, 0, 0, 0, 0, 3 ], [ 0, 0, 0, 0, 0, 3, 0 ], [ 1, 0, 0, 2, 0, 0, 0 ],
      [ 0, 0, 0, 0, 3, 0, 0 ], [ 0, 0, 1, 0, 0, 2, 0 ], [ 0, 1, 0, 0, 0, 0, 2 ] ],
  [ [ 0, 0, 0, 0, 4, 0, 0 ], [ 0, 0, 1, 0, 0, 3, 0 ], [ 0, 1, 0, 0, 0, 0, 3 ], [ 0, 0, 0, 0, 4, 0, 0 ],
      [ 1, 0, 0, 3, 0, 0, 0 ], [ 0, 1, 0, 0, 0, 0, 3 ], [ 0, 0, 1, 0, 0, 3, 0 ] ],
  [ [ 0, 0, 0, 0, 0, 36, 0 ], [ 0, 9, 0, 0, 3, 0, 24 ], [ 0, 0, 0, 3, 0, 33, 0 ], [ 0, 0, 12, 0, 0, 24, 0 ],
      [ 0, 9, 0, 0, 0, 0, 27 ], [ 1, 0, 11, 2, 0, 22, 0 ], [ 0, 8, 0, 0, 3, 0, 25 ] ],
  [ [ 0, 0, 0, 0, 0, 0, 36 ], [ 0, 0, 9, 3, 0, 24, 0 ], [ 0, 9, 0, 0, 3, 0, 24 ], [ 0, 12, 0, 0, 0, 0, 24 ],
      [ 0, 0, 9, 0, 0, 27, 0 ], [ 0, 8, 0, 0, 3, 0, 25 ], [ 1, 0, 8, 2, 0, 25, 0 ] ] ]
