 degree:12
 order:90
[ 12, 12, 8, 9, 24, 24 ][ 5, 3, 0, 0, 2, 0, 4, 2, 0, 0, 3, 0, 0, 3, 7 ]
minimal polynomial:
[ x-12, x-3, x, x+3, x+12, x^2-18 ]1
[ x-12, x-3, x+3 ]
[ x-8, x+1 ]
[ x-9, x, x+9 ]
[ x-24, x-6, x, x+6, x+24, x^2-18 ]
[ x-24, x-3, x+3, x+6 ]

 SITA:

[ [ [ 1, 0, 0, 0, 0, 0, 0 ], [ 0, 1, 0, 0, 0, 0, 0 ], [ 0, 0, 1, 0, 0, 0, 0 ], [ 0, 0, 0, 1, 0, 0, 0 ],
      [ 0, 0, 0, 0, 1, 0, 0 ], [ 0, 0, 0, 0, 0, 1, 0 ], [ 0, 0, 0, 0, 0, 0, 1 ] ],
  [ [ 0, 12, 0, 0, 0, 0, 0 ], [ 1, 0, 5, 2, 0, 0, 4 ], [ 0, 5, 0, 0, 3, 4, 0 ], [ 0, 3, 0, 0, 0, 9, 0 ],
      [ 0, 0, 4, 0, 0, 0, 8 ], [ 0, 0, 2, 3, 0, 0, 7 ], [ 0, 2, 0, 0, 3, 7, 0 ] ],
  [ [ 0, 0, 12, 0, 0, 0, 0 ], [ 0, 5, 0, 0, 3, 4, 0 ], [ 1, 0, 3, 2, 0, 0, 6 ], [ 0, 0, 3, 0, 0, 0, 9 ],
      [ 0, 4, 0, 0, 0, 8, 0 ], [ 0, 2, 0, 0, 3, 7, 0 ], [ 0, 0, 3, 3, 0, 0, 6 ] ],
  [ [ 0, 0, 0, 8, 0, 0, 0 ], [ 0, 2, 0, 0, 0, 6, 0 ], [ 0, 0, 2, 0, 0, 0, 6 ], [ 1, 0, 0, 7, 0, 0, 0 ],
      [ 0, 0, 0, 0, 8, 0, 0 ], [ 0, 3, 0, 0, 0, 5, 0 ], [ 0, 0, 3, 0, 0, 0, 5 ] ],
  [ [ 0, 0, 0, 0, 9, 0, 0 ], [ 0, 0, 3, 0, 0, 0, 6 ], [ 0, 3, 0, 0, 0, 6, 0 ], [ 0, 0, 0, 0, 9, 0, 0 ],
      [ 1, 0, 0, 8, 0, 0, 0 ], [ 0, 0, 3, 0, 0, 0, 6 ], [ 0, 3, 0, 0, 0, 6, 0 ] ],
  [ [ 0, 0, 0, 0, 0, 24, 0 ], [ 0, 0, 4, 6, 0, 0, 14 ], [ 0, 4, 0, 0, 6, 14, 0 ], [ 0, 9, 0, 0, 0, 15, 0 ],
      [ 0, 0, 8, 0, 0, 0, 16 ], [ 1, 0, 7, 5, 0, 0, 11 ], [ 0, 7, 0, 0, 6, 11, 0 ] ],
  [ [ 0, 0, 0, 0, 0, 0, 24 ], [ 0, 4, 0, 0, 6, 14, 0 ], [ 0, 0, 6, 6, 0, 0, 12 ], [ 0, 0, 9, 0, 0, 0, 15 ],
      [ 0, 8, 0, 0, 0, 16, 0 ], [ 0, 7, 0, 0, 6, 11, 0 ], [ 1, 0, 6, 5, 0, 0, 12 ] ] ]

