 degree:4
 order:22
[ 4, 4, 1, 4, 4, 4 ][ 2, 4, 0, 0, 0, 0, 0, 2, 0, 0, 0, 0, 2, 2, 0 ]
minimal polynomial:
[ x-4, x, x^5+2*x^4-16*x^3-24*x^2+48*x+32 ]1        
[ x-4, x, x^5+2*x^4-16*x^3-24*x^2+48*x+32 ]
[ x-1, x+1 ]
[ x-4, x, x^5+2*x^4-16*x^3-24*x^2+48*x+32 ]
[ x-4, x, x^5+2*x^4-16*x^3-24*x^2+48*x+32 ]
[ x-4, x, x^5+2*x^4-16*x^3-24*x^2+48*x+32 ]

 SITA:


[ [ [ 1, 0, 0, 0, 0, 0, 0 ], [ 0, 1, 0, 0, 0, 0, 0 ], [ 0, 0, 1, 0, 0, 0, 0 ], 
      [ 0, 0, 0, 1, 0, 0, 0 ], [ 0, 0, 0, 0, 1, 0, 0 ], [ 0, 0, 0, 0, 0, 1, 0 ], 
      [ 0, 0, 0, 0, 0, 0, 1 ] ], 
  [ [ 0, 4, 0, 0, 0, 0, 0 ], [ 1, 0, 2, 1, 0, 0, 0 ], [ 0, 2, 0, 0, 0, 2, 0 ], 
      [ 0, 4, 0, 0, 0, 0, 0 ], [ 0, 0, 0, 0, 0, 2, 2 ], [ 0, 0, 2, 0, 2, 0, 0 ], 
      [ 0, 0, 0, 0, 2, 0, 2 ] ], 
  [ [ 0, 0, 4, 0, 0, 0, 0 ], [ 0, 2, 0, 0, 0, 2, 0 ], [ 1, 0, 0, 1, 2, 0, 0 ], 
      [ 0, 0, 4, 0, 0, 0, 0 ], [ 0, 0, 2, 0, 0, 0, 2 ], [ 0, 2, 0, 0, 0, 0, 2 ], 
      [ 0, 0, 0, 0, 2, 2, 0 ] ], 
  [ [ 0, 0, 0, 1, 0, 0, 0 ], [ 0, 1, 0, 0, 0, 0, 0 ], [ 0, 0, 1, 0, 0, 0, 0 ], 
      [ 1, 0, 0, 0, 0, 0, 0 ], [ 0, 0, 0, 0, 1, 0, 0 ], [ 0, 0, 0, 0, 0, 1, 0 ], 
      [ 0, 0, 0, 0, 0, 0, 1 ] ], 
  [ [ 0, 0, 0, 0, 4, 0, 0 ], [ 0, 0, 0, 0, 0, 2, 2 ], [ 0, 0, 2, 0, 0, 0, 2 ], 
      [ 0, 0, 0, 0, 4, 0, 0 ], [ 1, 0, 0, 1, 0, 2, 0 ], [ 0, 2, 0, 0, 2, 0, 0 ], 
      [ 0, 2, 2, 0, 0, 0, 0 ] ], 
  [ [ 0, 0, 0, 0, 0, 4, 0 ], [ 0, 0, 2, 0, 2, 0, 0 ], [ 0, 2, 0, 0, 0, 0, 2 ], 
      [ 0, 0, 0, 0, 0, 4, 0 ], [ 0, 2, 0, 0, 2, 0, 0 ], [ 1, 0, 0, 1, 0, 0, 2 ], 
      [ 0, 0, 2, 0, 0, 2, 0 ] ], 
  [ [ 0, 0, 0, 0, 0, 0, 4 ], [ 0, 0, 0, 0, 2, 0, 2 ], [ 0, 0, 0, 0, 2, 2, 0 ], 
      [ 0, 0, 0, 0, 0, 0, 4 ], [ 0, 2, 2, 0, 0, 0, 0 ], [ 0, 0, 2, 0, 0, 2, 0 ], 
      [ 1, 2, 0, 1, 0, 0, 0 ] ] ]