 degree:12
 order:72
[ 12, 3, 8, 12, 12, 24 ][ 4, 6, 0, 0, 3, 0, 0, 2, 0, 0, 4, 0, 0, 6, 3 ]

minimal polynomial:
[ x-12, x-6, x, x+6, x+12, x^2-8 ]1
[ x-3, x+1 ]
[ x-8, x, x+4 ]
[ x-12, x, x+12 ]
[ x-12, x-6, x, x+6, x+12, x^2-8 ]
[ x-24, x, x+12 ]

 SITA: 

[ [ [ 1, 0, 0, 0, 0, 0, 0 ], [ 0, 1, 0, 0, 0, 0, 0 ], [ 0, 0, 1, 0, 0, 0, 0 ], [ 0, 0, 0, 1, 0, 0, 0 ],
      [ 0, 0, 0, 0, 1, 0, 0 ], [ 0, 0, 0, 0, 0, 1, 0 ], [ 0, 0, 0, 0, 0, 0, 1 ] ],
  [ [ 0, 12, 0, 0, 0, 0, 0 ], [ 1, 0, 1, 4, 0, 0, 6 ], [ 0, 4, 0, 0, 0, 8, 0 ], [ 0, 6, 0, 0, 0, 6, 0 ],
      [ 0, 0, 0, 0, 0, 0, 12 ], [ 0, 0, 2, 4, 0, 0, 6 ], [ 0, 3, 0, 0, 6, 3, 0 ] ],
  [ [ 0, 0, 3, 0, 0, 0, 0 ], [ 0, 1, 0, 0, 0, 2, 0 ], [ 1, 0, 2, 0, 0, 0, 0 ], [ 0, 0, 0, 3, 0, 0, 0 ],
      [ 0, 0, 0, 0, 3, 0, 0 ], [ 0, 2, 0, 0, 0, 1, 0 ], [ 0, 0, 0, 0, 0, 0, 3 ] ],
  [ [ 0, 0, 0, 8, 0, 0, 0 ], [ 0, 4, 0, 0, 0, 4, 0 ], [ 0, 0, 0, 8, 0, 0, 0 ], [ 1, 0, 3, 4, 0, 0, 0 ],
      [ 0, 0, 0, 0, 8, 0, 0 ], [ 0, 4, 0, 0, 0, 4, 0 ], [ 0, 0, 0, 0, 0, 0, 8 ] ],
  [ [ 0, 0, 0, 0, 12, 0, 0 ], [ 0, 0, 0, 0, 0, 0, 12 ], [ 0, 0, 0, 0, 12, 0, 0 ], [ 0, 0, 0, 0, 12, 0, 0 ],
      [ 1, 0, 3, 8, 0, 0, 0 ], [ 0, 0, 0, 0, 0, 0, 12 ], [ 0, 6, 0, 0, 0, 6, 0 ] ],
  [ [ 0, 0, 0, 0, 0, 12, 0 ], [ 0, 0, 2, 4, 0, 0, 6 ], [ 0, 8, 0, 0, 0, 4, 0 ], [ 0, 6, 0, 0, 0, 6, 0 ],
      [ 0, 0, 0, 0, 0, 0, 12 ], [ 1, 0, 1, 4, 0, 0, 6 ], [ 0, 3, 0, 0, 6, 3, 0 ] ],
  [ [ 0, 0, 0, 0, 0, 0, 24 ], [ 0, 6, 0, 0, 12, 6, 0 ], [ 0, 0, 0, 0, 0, 0, 24 ], [ 0, 0, 0, 0, 0, 0, 24 ],
      [ 0, 12, 0, 0, 0, 12, 0 ], [ 0, 6, 0, 0, 12, 6, 0 ], [ 1, 0, 3, 8, 0, 0, 12 ] ] ]