 degree:12
 order:128
[ 12, 3, 4, 12, 24, 72 ][ 4, 0, 0, 2, 1, 0, 2, 0, 0, 0, 2, 0, 2, 1, 2 ]
minimal polynomial:
[ x-12, x-4, x+4, x^2-8, x^2+4*x-24 ]1
[ x-3, x+1 ]
[ x-4, x, x+4 ]
[ x-12, x-4, x+4, x^2-8, x^2+4*x-24 ]
[ x-24, x-8, x, x+8, x^2-8*x-96 ]
[ x-72, x-8, x, x+24 ]
 SITA: 

[ [ [ 1, 0, 0, 0, 0, 0, 0 ], [ 0, 1, 0, 0, 0, 0, 0 ], [ 0, 0, 1, 0, 0, 0, 0 ], [ 0, 0, 0, 1, 0, 0, 0 ],
      [ 0, 0, 0, 0, 1, 0, 0 ], [ 0, 0, 0, 0, 0, 1, 0 ], [ 0, 0, 0, 0, 0, 0, 1 ] ],
  [ [ 0, 12, 0, 0, 0, 0, 0 ], [ 1, 0, 1, 0, 0, 4, 6 ], [ 0, 4, 0, 0, 8, 0, 0 ], [ 0, 0, 0, 0, 0, 12, 0 ],
      [ 0, 0, 2, 0, 0, 4, 6 ], [ 0, 2, 0, 2, 2, 0, 6 ], [ 0, 1, 0, 0, 1, 2, 8 ] ],
  [ [ 0, 0, 3, 0, 0, 0, 0 ], [ 0, 1, 0, 0, 2, 0, 0 ], [ 1, 0, 2, 0, 0, 0, 0 ], [ 0, 0, 0, 3, 0, 0, 0 ],
      [ 0, 2, 0, 0, 1, 0, 0 ], [ 0, 0, 0, 0, 0, 3, 0 ], [ 0, 0, 0, 0, 0, 0, 3 ] ],
  [ [ 0, 0, 0, 4, 0, 0, 0 ], [ 0, 0, 0, 0, 0, 4, 0 ], [ 0, 0, 0, 4, 0, 0, 0 ], [ 1, 0, 3, 0, 0, 0, 0 ],
      [ 0, 0, 0, 0, 0, 4, 0 ], [ 0, 2, 0, 0, 2, 0, 0 ], [ 0, 0, 0, 0, 0, 0, 4 ] ],
  [ [ 0, 0, 0, 0, 12, 0, 0 ], [ 0, 0, 2, 0, 0, 4, 6 ], [ 0, 8, 0, 0, 4, 0, 0 ], [ 0, 0, 0, 0, 0, 12, 0 ],
      [ 1, 0, 1, 0, 0, 4, 6 ], [ 0, 2, 0, 2, 2, 0, 6 ], [ 0, 1, 0, 0, 1, 2, 8 ] ],
  [ [ 0, 0, 0, 0, 0, 24, 0 ], [ 0, 4, 0, 4, 4, 0, 12 ], [ 0, 0, 0, 0, 0, 24, 0 ], [ 0, 12, 0, 0, 12, 0, 0 ],
      [ 0, 4, 0, 4, 4, 0, 12 ], [ 1, 0, 3, 0, 0, 8, 12 ], [ 0, 2, 0, 0, 2, 4, 16 ] ],
  [ [ 0, 0, 0, 0, 0, 0, 72 ], [ 0, 6, 0, 0, 6, 12, 48 ], [ 0, 0, 0, 0, 0, 0, 72 ], [ 0, 0, 0, 0, 0, 0, 72 ],
      [ 0, 6, 0, 0, 6, 12, 48 ], [ 0, 6, 0, 0, 6, 12, 48 ], [ 1, 8, 3, 4, 8, 16, 32 ] ] ]