 degree:12
 order:168
[ 12, 9, 2, 12, 60, 72 ][ 4, 12, 0, 0, 1, 0, 6, 0, 0, 0, 0, 0, 0, 1, 10 ]
minimal polynomial:
[ x-12, x, x+12, x^2-60, x^2-24 ]1
[ x-9, x, x+3 ]
[ x-2, x+1 ]
[ x-12, x, x+12, x^2-60, x^2-24 ]
[ x-60, x, x+60, x^2-240 ]
[ x-72, x, x+12 ]

 SITA: 

[ [ [ 1, 0, 0, 0, 0, 0, 0 ], [ 0, 1, 0, 0, 0, 0, 0 ], [ 0, 0, 1, 0, 0, 0, 0 ], [ 0, 0, 0, 1, 0, 0, 0 ],
      [ 0, 0, 0, 0, 1, 0, 0 ], [ 0, 0, 0, 0, 0, 1, 0 ], [ 0, 0, 0, 0, 0, 0, 1 ] ],
  [ [ 0, 12, 0, 0, 0, 0, 0 ], [ 1, 0, 3, 2, 0, 0, 6 ], [ 0, 4, 0, 0, 8, 0, 0 ], [ 0, 12, 0, 0, 0, 0, 0 ],
      [ 0, 0, 6, 0, 0, 0, 6 ], [ 0, 0, 0, 0, 0, 0, 12 ], [ 0, 1, 0, 0, 1, 10, 0 ] ],
  [ [ 0, 0, 9, 0, 0, 0, 0 ], [ 0, 3, 0, 0, 6, 0, 0 ], [ 1, 0, 6, 2, 0, 0, 0 ], [ 0, 0, 9, 0, 0, 0, 0 ],
      [ 0, 6, 0, 0, 3, 0, 0 ], [ 0, 0, 0, 0, 0, 9, 0 ], [ 0, 0, 0, 0, 0, 0, 9 ] ],
  [ [ 0, 0, 0, 2, 0, 0, 0 ], [ 0, 2, 0, 0, 0, 0, 0 ], [ 0, 0, 2, 0, 0, 0, 0 ], [ 1, 0, 0, 1, 0, 0, 0 ],
      [ 0, 0, 0, 0, 2, 0, 0 ], [ 0, 0, 0, 0, 0, 2, 0 ], [ 0, 0, 0, 0, 0, 0, 2 ] ],
  [ [ 0, 0, 0, 0, 12, 0, 0 ], [ 0, 0, 6, 0, 0, 0, 6 ], [ 0, 8, 0, 0, 4, 0, 0 ], [ 0, 0, 0, 0, 12, 0, 0 ],
      [ 1, 0, 3, 2, 0, 0, 6 ], [ 0, 0, 0, 0, 0, 0, 12 ], [ 0, 1, 0, 0, 1, 10, 0 ] ],
  [ [ 0, 0, 0, 0, 0, 60, 0 ], [ 0, 0, 0, 0, 0, 0, 60 ], [ 0, 0, 0, 0, 0, 60, 0 ], [ 0, 0, 0, 0, 0, 60, 0 ],
      [ 0, 0, 0, 0, 0, 0, 60 ], [ 1, 0, 9, 2, 0, 0, 48 ], [ 0, 10, 0, 0, 10, 40, 0 ] ],
  [ [ 0, 0, 0, 0, 0, 0, 72 ], [ 0, 6, 0, 0, 6, 60, 0 ], [ 0, 0, 0, 0, 0, 0, 72 ], [ 0, 0, 0, 0, 0, 0, 72 ],
      [ 0, 6, 0, 0, 6, 60, 0 ], [ 0, 12, 0, 0, 12, 48, 0 ], [ 1, 0, 9, 2, 0, 0, 60 ] ] ]
