 degree:12
 order:90
[ 12, 24, 1, 12, 16, 24 ][ 3, 12, 0, 3, 0, 0, 6, 0, 3, 0, 0, 0, 0, 3, 6 ]
minimal polynomial:
[ x-12, x, x+6, x^2-3*x-9, x^2+6*x-36 ]1
[ x-24, x-6, x, x^2+3*x-9, x^2+12*x-144 ]
[ x-1, x+1 ]
[ x-12, x, x+6, x^2-3*x-9, x^2+6*x-36 ]
[ x-16, x, x+2 ]
[ x-24, x-6, x, x^2+3*x-9, x^2+12*x-144 ]

 SITA:

[ [ [ 1, 0, 0, 0, 0, 0, 0 ], [ 0, 1, 0, 0, 0, 0, 0 ], [ 0, 0, 1, 0, 0, 0, 0 ], [ 0, 0, 0, 1, 0, 0, 0 ],[ 0, 0, 0, 0, 1, 0, 0 ], [ 0, 0, 0, 0, 0, 1, 0 ], [ 0, 0, 0, 0, 0, 0, 1 ] ],
  [ [ 0, 12, 0, 0, 0, 0, 0 ], [ 1, 0, 6, 1, 0, 4, 0 ], [ 0, 3, 3, 0, 3, 0, 3 ], [ 0, 12, 0, 0, 0, 0, 0 ],[ 0, 0, 6, 0, 0, 0, 6 ], [ 0, 3, 0, 0, 0, 0, 9 ], [ 0, 0, 3, 0, 3, 6, 0 ] ],
  [ [ 0, 0, 24, 0, 0, 0, 0 ], [ 0, 6, 6, 0, 6, 0, 6 ], [ 1, 3, 0, 1, 0, 10, 9 ], [ 0, 0, 24, 0, 0, 0, 0 ],[ 0, 6, 0, 0, 0, 12, 6 ], [ 0, 0, 15, 0, 9, 0, 0 ], [ 0, 3, 9, 0, 3, 0, 9 ] ],
  [ [ 0, 0, 0, 1, 0, 0, 0 ], [ 0, 1, 0, 0, 0, 0, 0 ], [ 0, 0, 1, 0, 0, 0, 0 ], [ 1, 0, 0, 0, 0, 0, 0 ],[ 0, 0, 0, 0, 1, 0, 0 ], [ 0, 0, 0, 0, 0, 1, 0 ], [ 0, 0, 0, 0, 0, 0, 1 ] ],
  [ [ 0, 0, 0, 0, 12, 0, 0 ], [ 0, 0, 6, 0, 0, 0, 6 ], [ 0, 3, 0, 0, 0, 6, 3 ], [ 0, 0, 0, 0, 12, 0, 0 ],[ 1, 0, 0, 1, 0, 4, 6 ], [ 0, 0, 9, 0, 3, 0, 0 ], [ 0, 3, 3, 0, 3, 0, 3 ] ],
  [ [ 0, 0, 0, 0, 0, 16, 0 ], [ 0, 4, 0, 0, 0, 0, 12 ], [ 0, 0, 10, 0, 6, 0, 0 ], [ 0, 0, 0, 0, 0, 16, 0 ],[ 0, 0, 12, 0, 4, 0, 0 ], [ 1, 0, 0, 1, 0, 14, 0 ], [ 0, 6, 0, 0, 0, 0, 10 ] ],
  [ [ 0, 0, 0, 0, 0, 0, 24 ], [ 0, 0, 6, 0, 6, 12, 0 ], [ 0, 3, 9, 0, 3, 0, 9 ], [ 0, 0, 0, 0, 0, 0, 24 ],[ 0, 6, 6, 0, 6, 0, 6 ], [ 0, 9, 0, 0, 0, 0, 15 ], [ 1, 0, 9, 1, 3, 10, 0 ] ] ]