 degree:12
 order:120
[ 12, 3, 8, 12, 36, 48 ][ 4, 0, 0, 2, 1, 0, 2, 0, 0, 0, 0, 2, 2, 1, 6 ]
minimal polynomial:
[ x-12, x-4, x, x+6, x+8, x^2-8 ]1
[ x-3, x+1 ]
[ x-8, x, x+4 ]
[ x-12, x-4, x, x+6, x+8, x^2-8 ]
[ x-36, x, x+12 ]
[ x-48, x-12, x, x+8, x+32 ]

 SITA: 


[ [ [ 1, 0, 0, 0, 0, 0, 0 ], [ 0, 1, 0, 0, 0, 0, 0 ], [ 0, 0, 1, 0, 0, 0, 0 ], [ 0, 0, 0, 1, 0, 0, 0 ],
      [ 0, 0, 0, 0, 1, 0, 0 ], [ 0, 0, 0, 0, 0, 1, 0 ], [ 0, 0, 0, 0, 0, 0, 1 ] ],
  [ [ 0, 12, 0, 0, 0, 0, 0 ], [ 1, 0, 1, 0, 0, 6, 4 ], [ 0, 4, 0, 0, 8, 0, 0 ], [ 0, 0, 0, 0, 0, 0, 12 ],
      [ 0, 0, 2, 0, 0, 6, 4 ], [ 0, 2, 0, 0, 2, 0, 8 ], [ 0, 1, 0, 2, 1, 6, 2 ] ],
  [ [ 0, 0, 3, 0, 0, 0, 0 ], [ 0, 1, 0, 0, 2, 0, 0 ], [ 1, 0, 2, 0, 0, 0, 0 ], [ 0, 0, 0, 3, 0, 0, 0 ],
      [ 0, 2, 0, 0, 1, 0, 0 ], [ 0, 0, 0, 0, 0, 3, 0 ], [ 0, 0, 0, 0, 0, 0, 3 ] ],
  [ [ 0, 0, 0, 8, 0, 0, 0 ], [ 0, 0, 0, 0, 0, 0, 8 ], [ 0, 0, 0, 8, 0, 0, 0 ], [ 1, 0, 3, 4, 0, 0, 0 ],
      [ 0, 0, 0, 0, 0, 0, 8 ], [ 0, 0, 0, 0, 0, 8, 0 ], [ 0, 2, 0, 0, 2, 0, 4 ] ],
  [ [ 0, 0, 0, 0, 12, 0, 0 ], [ 0, 0, 2, 0, 0, 6, 4 ], [ 0, 8, 0, 0, 4, 0, 0 ], [ 0, 0, 0, 0, 0, 0, 12 ],
      [ 1, 0, 1, 0, 0, 6, 4 ], [ 0, 2, 0, 0, 2, 0, 8 ], [ 0, 1, 0, 2, 1, 6, 2 ] ],
  [ [ 0, 0, 0, 0, 0, 36, 0 ], [ 0, 6, 0, 0, 6, 0, 24 ], [ 0, 0, 0, 0, 0, 36, 0 ], [ 0, 0, 0, 0, 0, 36, 0 ],
      [ 0, 6, 0, 0, 6, 0, 24 ], [ 1, 0, 3, 8, 0, 24, 0 ], [ 0, 6, 0, 0, 6, 0, 24 ] ],
  [ [ 0, 0, 0, 0, 0, 0, 48 ], [ 0, 4, 0, 8, 4, 24, 8 ], [ 0, 0, 0, 0, 0, 0, 48 ], [ 0, 12, 0, 0, 12, 0, 24 ],
      [ 0, 4, 0, 8, 4, 24, 8 ], [ 0, 8, 0, 0, 8, 0, 32 ], [ 1, 2, 3, 4, 2, 24, 12 ] ] ]