 degree:12
 order:48
[ 12, 12, 1, 4, 6, 12 ][ 4, 0, 3, 4, 4, 12, 3, 4, 4, 0, 0, 0, 0, 2, 2 ]
minimal polynomial:
[ x-12, x-2, x, x+4, x+6, x^2+4*x-6 ]1
[ x-12, x-6, x, x+2, x+4, x^2+4*x-6 ]
[ x-1, x+1 ]
[ x-4, x, x+2 ]
[ x-6, x, x+6 ]
[ x-12, x, x+4, x^2-8*x-24 ]

 SITA:

[ [ [ 1, 0, 0, 0, 0, 0, 0 ], [ 0, 1, 0, 0, 0, 0, 0 ], [ 0, 0, 1, 0, 0, 0, 0 ], [ 0, 0, 0, 1, 0, 0, 0 ],
      [ 0, 0, 0, 0, 1, 0, 0 ], [ 0, 0, 0, 0, 0, 1, 0 ], [ 0, 0, 0, 0, 0, 0, 1 ] ],
  [ [ 0, 12, 0, 0, 0, 0, 0 ], [ 1, 0, 4, 0, 1, 2, 4 ], [ 0, 4, 0, 1, 1, 2, 4 ], [ 0, 0, 12, 0, 0, 0, 0 ],
      [ 0, 3, 3, 0, 0, 0, 6 ], [ 0, 4, 4, 0, 0, 0, 4 ], [ 0, 4, 4, 0, 2, 2, 0 ] ],
  [ [ 0, 0, 12, 0, 0, 0, 0 ], [ 0, 4, 0, 1, 1, 2, 4 ], [ 1, 0, 4, 0, 1, 2, 4 ], [ 0, 12, 0, 0, 0, 0, 0 ],
      [ 0, 3, 3, 0, 0, 0, 6 ], [ 0, 4, 4, 0, 0, 0, 4 ], [ 0, 4, 4, 0, 2, 2, 0 ] ],
  [ [ 0, 0, 0, 1, 0, 0, 0 ], [ 0, 0, 1, 0, 0, 0, 0 ], [ 0, 1, 0, 0, 0, 0, 0 ], [ 1, 0, 0, 0, 0, 0, 0 ],
      [ 0, 0, 0, 0, 1, 0, 0 ], [ 0, 0, 0, 0, 0, 1, 0 ], [ 0, 0, 0, 0, 0, 0, 1 ] ],
  [ [ 0, 0, 0, 0, 4, 0, 0 ], [ 0, 1, 1, 0, 0, 0, 2 ], [ 0, 1, 1, 0, 0, 0, 2 ], [ 0, 0, 0, 0, 4, 0, 0 ],
      [ 1, 0, 0, 1, 2, 0, 0 ], [ 0, 0, 0, 0, 0, 4, 0 ], [ 0, 2, 2, 0, 0, 0, 0 ] ],
  [ [ 0, 0, 0, 0, 0, 6, 0 ], [ 0, 2, 2, 0, 0, 0, 2 ], [ 0, 2, 2, 0, 0, 0, 2 ], [ 0, 0, 0, 0, 0, 6, 0 ],
      [ 0, 0, 0, 0, 0, 6, 0 ], [ 1, 0, 0, 1, 4, 0, 0 ], [ 0, 2, 2, 0, 0, 0, 2 ] ],
  [ [ 0, 0, 0, 0, 0, 0, 12 ], [ 0, 4, 4, 0, 2, 2, 0 ], [ 0, 4, 4, 0, 2, 2, 0 ], [ 0, 0, 0, 0, 0, 0, 12 ],
      [ 0, 6, 6, 0, 0, 0, 0 ], [ 0, 4, 4, 0, 0, 0, 4 ], [ 1, 0, 0, 1, 0, 2, 8 ] ] ]