 degree:12
 order:243
[ 12, 8, 18, 24, 72, 108 ][ 3, 0, 0, 0, 1, 0, 3, 0, 0, 0, 3, 0, 0, 2, 6 ]
minimal polynomial:
[ x-12, x-6, x-3, x+3, x+6, x^2+9*x-9 ]1
[ x-8, x+1 ]
[ x-18, x, x+9 ]
[ x-24, x-12, x-3, x+3, x+12, x^2+18*x-36 ]
[ x-72, x-18, x, x+18, x^2+54*x-324 ]
[ x-108, x, x^2-27*x-2187 ]

 SITA:


[ [ [ 1, 0, 0, 0, 0, 0, 0 ], [ 0, 1, 0, 0, 0, 0, 0 ], [ 0, 0, 1, 0, 0, 0, 0 ], [ 0, 0, 0, 1, 0, 0, 0 ],
      [ 0, 0, 0, 0, 1, 0, 0 ], [ 0, 0, 0, 0, 0, 1, 0 ], [ 0, 0, 0, 0, 0, 0, 1 ] ],
  [ [ 0, 12, 0, 0, 0, 0, 0 ], [ 1, 0, 2, 0, 0, 0, 9 ], [ 0, 3, 0, 0, 9, 0, 0 ], [ 0, 0, 0, 0, 0, 12, 0 ],
      [ 0, 0, 3, 0, 0, 0, 9 ], [ 0, 0, 0, 3, 0, 0, 9 ], [ 0, 1, 0, 0, 2, 6, 3 ] ],
  [ [ 0, 0, 8, 0, 0, 0, 0 ], [ 0, 2, 0, 0, 6, 0, 0 ], [ 1, 0, 7, 0, 0, 0, 0 ], [ 0, 0, 0, 8, 0, 0, 0 ],
      [ 0, 3, 0, 0, 5, 0, 0 ], [ 0, 0, 0, 0, 0, 8, 0 ], [ 0, 0, 0, 0, 0, 0, 8 ] ],
  [ [ 0, 0, 0, 18, 0, 0, 0 ], [ 0, 0, 0, 0, 0, 18, 0 ], [ 0, 0, 0, 18, 0, 0, 0 ], [ 1, 0, 8, 9, 0, 0, 0 ],
      [ 0, 0, 0, 0, 0, 18, 0 ], [ 0, 3, 0, 0, 6, 9, 0 ], [ 0, 0, 0, 0, 0, 0, 18 ] ],
  [ [ 0, 0, 0, 0, 24, 0, 0 ], [ 0, 0, 6, 0, 0, 0, 18 ], [ 0, 9, 0, 0, 15, 0, 0 ], [ 0, 0, 0, 0, 0, 24, 0 ],
      [ 1, 0, 5, 0, 0, 0, 18 ], [ 0, 0, 0, 6, 0, 0, 18 ], [ 0, 2, 0, 0, 4, 12, 6 ] ],
  [ [ 0, 0, 0, 0, 0, 72, 0 ], [ 0, 0, 0, 18, 0, 0, 54 ], [ 0, 0, 0, 0, 0, 72, 0 ], [ 0, 12, 0, 0, 24, 36, 0 ],
      [ 0, 0, 0, 18, 0, 0, 54 ], [ 1, 0, 8, 9, 0, 0, 54 ], [ 0, 6, 0, 0, 12, 36, 18 ] ],
  [ [ 0, 0, 0, 0, 0, 0, 108 ], [ 0, 9, 0, 0, 18, 54, 27 ], [ 0, 0, 0, 0, 0, 0, 108 ], [ 0, 0, 0, 0, 0, 0, 108 ],
      [ 0, 9, 0, 0, 18, 54, 27 ], [ 0, 9, 0, 0, 18, 54, 27 ], [ 1, 3, 8, 18, 6, 18, 54 ] ] ]