 degree:12
 Order:39
[ 12, 2, 6, 6, 12 ][ 6, 6, 4, 3, 0, 2, 0, 0, 3, 3 ]

minimal polynomial:[ x-12, x+6, x^2-x-3, x^2+2*x-12 ]1   

[ x-2, x+1 ]
[ x-6, x^2+x-3 ]
[ x-6, x^2+x-3 ]
[ x-12, x+6, x^2-x-3, x^2+2*x-12 ]

 SITA:
       

[ [ [ 1, 0, 0, 0, 0, 0 ], [ 0, 1, 0, 0, 0, 0 ], [ 0, 0, 1, 0, 0, 0 ], [ 0, 0, 0, 1, 0, 0 ], 
      [ 0, 0, 0, 0, 1, 0 ], [ 0, 0, 0, 0, 0, 1 ] ], 
  [ [ 0, 12, 0, 0, 0, 0 ], [ 1, 2, 1, 3, 2, 3 ], [ 0, 6, 0, 0, 6, 0 ], [ 0, 6, 0, 0, 0, 6 ], 
      [ 0, 4, 2, 0, 0, 6 ], [ 0, 3, 0, 3, 3, 3 ] ], 
  [ [ 0, 0, 2, 0, 0, 0 ], [ 0, 1, 0, 0, 1, 0 ], [ 1, 0, 1, 0, 0, 0 ], [ 0, 0, 0, 0, 0, 2 ], 
      [ 0, 2, 0, 0, 0, 0 ], [ 0, 0, 0, 1, 0, 1 ] ], 
  [ [ 0, 0, 0, 6, 0, 0 ], [ 0, 3, 0, 0, 0, 3 ], [ 0, 0, 0, 0, 0, 6 ], [ 1, 0, 0, 2, 3, 0 ], 
      [ 0, 0, 0, 3, 3, 0 ], [ 0, 3, 1, 0, 0, 2 ] ], 
  [ [ 0, 0, 0, 0, 6, 0 ], [ 0, 2, 1, 0, 0, 3 ], [ 0, 6, 0, 0, 0, 0 ], [ 0, 0, 0, 3, 3, 0 ], 
      [ 1, 0, 0, 3, 2, 0 ], [ 0, 3, 0, 0, 0, 3 ] ], 
  [ [ 0, 0, 0, 0, 0, 12 ], [ 0, 3, 0, 3, 3, 3 ], [ 0, 0, 0, 6, 0, 6 ], [ 0, 6, 2, 0, 0, 4 ], 
      [ 0, 6, 0, 0, 0, 6 ], [ 1, 3, 1, 2, 3, 2 ] ] ]