 degree:2
 Order:11
[ 2, 2, 2, 2, 2 ][ 1, 0, 0, 0, 1, 0, 0, 1, 0, 1 ]

minimal polynomial:[ x-2, x^5+x^4-4*x^3-3*x^2+3*x+1 ]1  
[ x-2, x^5+x^4-4*x^3-3*x^2+3*x+1 ]
[ x-2, x^5+x^4-4*x^3-3*x^2+3*x+1 ]
[ x-2, x^5+x^4-4*x^3-3*x^2+3*x+1 ]
[ x-2, x^5+x^4-4*x^3-3*x^2+3*x+1 ]

 SITA:
     

[ [ [ 1, 0, 0, 0, 0, 0 ], [ 0, 1, 0, 0, 0, 0 ], [ 0, 0, 1, 0, 0, 0 ], [ 0, 0, 0, 1, 0, 0 ], 
      [ 0, 0, 0, 0, 1, 0 ], [ 0, 0, 0, 0, 0, 1 ] ], 
  [ [ 0, 2, 0, 0, 0, 0 ], [ 1, 0, 1, 0, 0, 0 ], [ 0, 1, 0, 1, 0, 0 ], [ 0, 0, 1, 0, 1, 0 ], 
      [ 0, 0, 0, 1, 0, 1 ], [ 0, 0, 0, 0, 1, 1 ] ], 
  [ [ 0, 0, 2, 0, 0, 0 ], [ 0, 1, 0, 1, 0, 0 ], [ 1, 0, 0, 0, 1, 0 ], [ 0, 1, 0, 0, 0, 1 ], 
      [ 0, 0, 1, 0, 0, 1 ], [ 0, 0, 0, 1, 1, 0 ] ], 
  [ [ 0, 0, 0, 2, 0, 0 ], [ 0, 0, 1, 0, 1, 0 ], [ 0, 1, 0, 0, 0, 1 ], [ 1, 0, 0, 0, 0, 1 ], 
      [ 0, 1, 0, 0, 1, 0 ], [ 0, 0, 1, 1, 0, 0 ] ], 
  [ [ 0, 0, 0, 0, 2, 0 ], [ 0, 0, 0, 1, 0, 1 ], [ 0, 0, 1, 0, 0, 1 ], [ 0, 1, 0, 0, 1, 0 ], 
      [ 1, 0, 0, 1, 0, 0 ], [ 0, 1, 1, 0, 0, 0 ] ], 
  [ [ 0, 0, 0, 0, 0, 2 ], [ 0, 0, 0, 0, 1, 1 ], [ 0, 0, 0, 1, 1, 0 ], [ 0, 0, 1, 1, 0, 0 ], 
      [ 0, 1, 1, 0, 0, 0 ], [ 1, 1, 0, 0, 0, 0 ] ] ]