 degree:10
 order:42
[ 10, 10, 1, 10, 10 ][ 5, 0, 4, 0, 10, 0, 4, 0, 0, 6 ]

minimal polynomial:[ x-10, x-3, x-2, x+2, x+3, x+10 ]x^3-11*x^2+4*x+60
x^2-1
x^3-7*x^2-34*x+40
x^6-117*x^4+1716*x^2-1600

 SITA:
[ [ [ 1, 0, 0, 0, 0, 0 ], [ 0, 1, 0, 0, 0, 0 ], [ 0, 0, 1, 0, 0, 0 ], 
      [ 0, 0, 0, 1, 0, 0 ], [ 0, 0, 0, 0, 1, 0 ], [ 0, 0, 0, 0, 0, 1 ] ], 
  [ [ 0, 10, 0, 0, 0, 0 ], [ 1, 0, 5, 0, 4, 0 ], [ 0, 5, 0, 1, 0, 4 ], 
      [ 0, 0, 10, 0, 0, 0 ], [ 0, 4, 0, 0, 0, 6 ], [ 0, 0, 4, 0, 6, 0 ] ], 
  [ [ 0, 0, 10, 0, 0, 0 ], [ 0, 5, 0, 1, 0, 4 ], [ 1, 0, 5, 0, 4, 0 ], 
      [ 0, 10, 0, 0, 0, 0 ], [ 0, 0, 4, 0, 6, 0 ], [ 0, 4, 0, 0, 0, 6 ] ], 
  [ [ 0, 0, 0, 1, 0, 0 ], [ 0, 0, 1, 0, 0, 0 ], [ 0, 1, 0, 0, 0, 0 ], 
      [ 1, 0, 0, 0, 0, 0 ], [ 0, 0, 0, 0, 0, 1 ], [ 0, 0, 0, 0, 1, 0 ] ], 
  [ [ 0, 0, 0, 0, 10, 0 ], [ 0, 4, 0, 0, 0, 6 ], [ 0, 0, 4, 0, 6, 0 ], 
      [ 0, 0, 0, 0, 0, 10 ], [ 1, 0, 6, 0, 3, 0 ], [ 0, 6, 0, 1, 0, 3 ] ], 
  [ [ 0, 0, 0, 0, 0, 10 ], [ 0, 0, 4, 0, 6, 0 ], [ 0, 4, 0, 0, 0, 6 ], 
      [ 0, 0, 0, 0, 10, 0 ], [ 0, 6, 0, 1, 0, 3 ], [ 1, 0, 6, 0, 3, 0 ] ] ]


 Q-polynomial


