 degree:4
 Order:25
[ 4, 4, 4, 4, 8 ][ 2, 1, 0, 0, 0, 0, 1, 0, 1, 1 ]

minimal polynomial:[ x-4, x+1, x^2-3*x+1, x^2+2*x-4 ]1           
 
[ x-4, x+1, x^2-3*x+1, x^2+2*x-4 ]
[ x-4, x+1, x^2-3*x+1, x^2+2*x-4 ]
[ x-4, x+1, x^2-3*x+1, x^2+2*x-4 ]
[ x-8, x-3, x+2 ]

 SITA:
     

[ [ [ 1, 0, 0, 0, 0, 0 ], [ 0, 1, 0, 0, 0, 0 ], [ 0, 0, 1, 0, 0, 0 ], [ 0, 0, 0, 1, 0, 0 ], 
      [ 0, 0, 0, 0, 1, 0 ], [ 0, 0, 0, 0, 0, 1 ] ], 
  [ [ 0, 4, 0, 0, 0, 0 ], [ 1, 0, 2, 1, 0, 0 ], [ 0, 2, 0, 0, 0, 2 ], [ 0, 1, 0, 1, 0, 2 ], 
      [ 0, 0, 0, 0, 2, 2 ], [ 0, 0, 1, 1, 1, 1 ] ], 
  [ [ 0, 0, 4, 0, 0, 0 ], [ 0, 2, 0, 0, 0, 2 ], [ 1, 0, 0, 2, 1, 0 ], [ 0, 0, 2, 0, 0, 2 ], 
      [ 0, 0, 1, 0, 1, 2 ], [ 0, 1, 0, 1, 1, 1 ] ], 
  [ [ 0, 0, 0, 4, 0, 0 ], [ 0, 1, 0, 1, 0, 2 ], [ 0, 0, 2, 0, 0, 2 ], [ 1, 1, 0, 0, 2, 0 ], 
      [ 0, 0, 0, 2, 0, 2 ], [ 0, 1, 1, 0, 1, 1 ] ], 
  [ [ 0, 0, 0, 0, 4, 0 ], [ 0, 0, 0, 0, 2, 2 ], [ 0, 0, 1, 0, 1, 2 ], [ 0, 0, 0, 2, 0, 2 ], 
      [ 1, 2, 1, 0, 0, 0 ], [ 0, 1, 1, 1, 0, 1 ] ], 
  [ [ 0, 0, 0, 0, 0, 8 ], [ 0, 0, 2, 2, 2, 2 ], [ 0, 2, 0, 2, 2, 2 ], [ 0, 2, 2, 0, 2, 2 ], 
      [ 0, 2, 2, 2, 0, 2 ], [ 1, 1, 1, 1, 1, 3 ] ] ]