 degree:4
 Order:30
[ 4, 12, 2, 3, 8 ][ 1, 0, 0, 0, 0, 4, 3, 0, 1, 0 ]

minimal polynomial:[ x-4, x-2, x-1, x+1, x+2, x+4 ]1          
 
[ x-12, x, x+3 ]
[ x-2, x+1 ]
[ x-3, x, x+3 ]
[ x-8, x-2, x+2, x+8 ]

 SITA:
          

[ [ [ 1, 0, 0, 0, 0, 0 ], [ 0, 1, 0, 0, 0, 0 ], [ 0, 0, 1, 0, 0, 0 ], [ 0, 0, 0, 1, 0, 0 ], 
      [ 0, 0, 0, 0, 1, 0 ], [ 0, 0, 0, 0, 0, 1 ] ], 
  [ [ 0, 4, 0, 0, 0, 0 ], [ 1, 0, 3, 0, 0, 0 ], [ 0, 1, 0, 0, 1, 2 ], [ 0, 0, 0, 0, 0, 4 ], 
      [ 0, 0, 4, 0, 0, 0 ], [ 0, 0, 3, 1, 0, 0 ] ], 
  [ [ 0, 0, 12, 0, 0, 0 ], [ 0, 3, 0, 0, 3, 6 ], [ 1, 0, 9, 2, 0, 0 ], [ 0, 0, 12, 0, 0, 0 ], 
      [ 0, 4, 0, 0, 0, 8 ], [ 0, 3, 0, 0, 3, 6 ] ], 
  [ [ 0, 0, 0, 2, 0, 0 ], [ 0, 0, 0, 0, 0, 2 ], [ 0, 0, 2, 0, 0, 0 ], [ 1, 0, 0, 1, 0, 0 ], 
      [ 0, 0, 0, 0, 2, 0 ], [ 0, 1, 0, 0, 0, 1 ] ], 
  [ [ 0, 0, 0, 0, 3, 0 ], [ 0, 0, 3, 0, 0, 0 ], [ 0, 1, 0, 0, 0, 2 ], [ 0, 0, 0, 0, 3, 0 ], 
      [ 1, 0, 0, 2, 0, 0 ], [ 0, 0, 3, 0, 0, 0 ] ], 
  [ [ 0, 0, 0, 0, 0, 8 ], [ 0, 0, 6, 2, 0, 0 ], [ 0, 2, 0, 0, 2, 4 ], [ 0, 4, 0, 0, 0, 4 ], 
      [ 0, 0, 8, 0, 0, 0 ], [ 1, 0, 6, 1, 0, 0 ] ] ]