 degree:13
 order:56
[ 13, 26, 1, 2, 13 ][ 6, 0, 0, 0, 0, 13, 12, 0, 1, 0 ]

minimal polynomial:[ x-13, x-1, x+1, x+13, x^2-13 ]
 Galois type:1

 minimal polynomial of other basis elements:
 x^3-24*x^2-52*x
x^2-1
x^3-4*x
x^6-183*x^4+2379*x^2-2197

 SITA:
[ [ [ 1, 0, 0, 0, 0, 0 ], [ 0, 1, 0, 0, 0, 0 ], [ 0, 0, 1, 0, 0, 0 ], 
      [ 0, 0, 0, 1, 0, 0 ], [ 0, 0, 0, 0, 1, 0 ], [ 0, 0, 0, 0, 0, 1 ] ], 
  [ [ 0, 13, 0, 0, 0, 0 ], [ 1, 0, 12, 0, 0, 0 ], [ 0, 6, 0, 0, 1, 6 ], 
      [ 0, 0, 0, 0, 0, 13 ], [ 0, 0, 13, 0, 0, 0 ], [ 0, 0, 12, 1, 0, 0 ] ], 
  [ [ 0, 0, 26, 0, 0, 0 ], [ 0, 12, 0, 0, 2, 12 ], [ 1, 0, 24, 1, 0, 0 ], 
      [ 0, 0, 26, 0, 0, 0 ], [ 0, 13, 0, 0, 0, 13 ], [ 0, 12, 0, 0, 2, 12 ] ],
  [ [ 0, 0, 0, 1, 0, 0 ], [ 0, 0, 0, 0, 0, 1 ], [ 0, 0, 1, 0, 0, 0 ], 
      [ 1, 0, 0, 0, 0, 0 ], [ 0, 0, 0, 0, 1, 0 ], [ 0, 1, 0, 0, 0, 0 ] ], 
  [ [ 0, 0, 0, 0, 2, 0 ], [ 0, 0, 2, 0, 0, 0 ], [ 0, 1, 0, 0, 0, 1 ], 
      [ 0, 0, 0, 0, 2, 0 ], [ 1, 0, 0, 1, 0, 0 ], [ 0, 0, 2, 0, 0, 0 ] ], 
  [ [ 0, 0, 0, 0, 0, 13 ], [ 0, 0, 12, 1, 0, 0 ], [ 0, 6, 0, 0, 1, 6 ], 
      [ 0, 13, 0, 0, 0, 0 ], [ 0, 0, 13, 0, 0, 0 ], [ 1, 0, 12, 0, 0, 0 ] ] ]


 Q-polynomial


