 degree:14
 order:48
[ 14, 2, 3, 7, 21 ][ 7, 0, 0, 8, 0, 2, 0, 0, 2, 4 ]

minimal polynomial:[ x-14, x-2, x+2, x+14, x^2-7 ]
 Galois type:1

 minimal polynomial of other basis elements:
 x^2-x-2
x^3-9*x
x^6-57*x^4+399*x^2-343
x^3-18*x^2-63*x

 SITA:
[ [ [ 1, 0, 0, 0, 0, 0 ], [ 0, 1, 0, 0, 0, 0 ], [ 0, 0, 1, 0, 0, 0 ], 
      [ 0, 0, 0, 1, 0, 0 ], [ 0, 0, 0, 0, 1, 0 ], [ 0, 0, 0, 0, 0, 1 ] ], 
  [ [ 0, 14, 0, 0, 0, 0 ], [ 1, 0, 1, 0, 0, 12 ], [ 0, 7, 0, 0, 7, 0 ], 
      [ 0, 0, 0, 0, 0, 14 ], [ 0, 0, 2, 0, 0, 12 ], [ 0, 8, 0, 2, 4, 0 ] ], 
  [ [ 0, 0, 2, 0, 0, 0 ], [ 0, 1, 0, 0, 1, 0 ], [ 1, 0, 1, 0, 0, 0 ], 
      [ 0, 0, 0, 2, 0, 0 ], [ 0, 2, 0, 0, 0, 0 ], [ 0, 0, 0, 0, 0, 2 ] ], 
  [ [ 0, 0, 0, 3, 0, 0 ], [ 0, 0, 0, 0, 0, 3 ], [ 0, 0, 0, 3, 0, 0 ], 
      [ 1, 0, 2, 0, 0, 0 ], [ 0, 0, 0, 0, 0, 3 ], [ 0, 2, 0, 0, 1, 0 ] ], 
  [ [ 0, 0, 0, 0, 7, 0 ], [ 0, 0, 1, 0, 0, 6 ], [ 0, 7, 0, 0, 0, 0 ], 
      [ 0, 0, 0, 0, 0, 7 ], [ 1, 0, 0, 0, 0, 6 ], [ 0, 4, 0, 1, 2, 0 ] ], 
  [ [ 0, 0, 0, 0, 0, 21 ], [ 0, 12, 0, 3, 6, 0 ], [ 0, 0, 0, 0, 0, 21 ], 
      [ 0, 14, 0, 0, 7, 0 ], [ 0, 12, 0, 3, 6, 0 ], [ 1, 0, 2, 0, 0, 18 ] ] ]


 Q-polynomial


