 degree:8
 order:25
[ 8, 4, 2, 2, 8 ][ 6, 4, 0, 3, 0, 4, 0, 0, 1, 1 ]

minimal polynomial:[ x-8, x+2, x^2-x-1, x^2+4*x-16 ]
 Galois type:1

 minimal polynomial of other basis elements:
 x^2-3*x-4
x^3-x^2-3*x+2
x^3-x^2-3*x+2
x^6-3*x^5-55*x^4+90*x^3+280*x^2-288*x-256

 SITA:
[ [ [ 1, 0, 0, 0, 0, 0 ], [ 0, 1, 0, 0, 0, 0 ], [ 0, 0, 1, 0, 0, 0 ], 
      [ 0, 0, 0, 1, 0, 0 ], [ 0, 0, 0, 0, 1, 0 ], [ 0, 0, 0, 0, 0, 1 ] ], 
  [ [ 0, 8, 0, 0, 0, 0 ], [ 1, 0, 3, 1, 0, 3 ], [ 0, 6, 0, 0, 2, 0 ], 
      [ 0, 4, 0, 0, 0, 4 ], [ 0, 0, 4, 0, 0, 4 ], [ 0, 3, 0, 1, 1, 3 ] ], 
  [ [ 0, 0, 4, 0, 0, 0 ], [ 0, 3, 0, 0, 1, 0 ], [ 1, 0, 3, 0, 0, 0 ], 
      [ 0, 0, 0, 0, 0, 4 ], [ 0, 4, 0, 0, 0, 0 ], [ 0, 0, 0, 1, 0, 3 ] ], 
  [ [ 0, 0, 0, 2, 0, 0 ], [ 0, 1, 0, 0, 0, 1 ], [ 0, 0, 0, 0, 0, 2 ], 
      [ 1, 0, 0, 0, 1, 0 ], [ 0, 0, 0, 1, 1, 0 ], [ 0, 1, 1, 0, 0, 0 ] ], 
  [ [ 0, 0, 0, 0, 2, 0 ], [ 0, 0, 1, 0, 0, 1 ], [ 0, 2, 0, 0, 0, 0 ], 
      [ 0, 0, 0, 1, 1, 0 ], [ 1, 0, 0, 1, 0, 0 ], [ 0, 1, 0, 0, 0, 1 ] ], 
  [ [ 0, 0, 0, 0, 0, 8 ], [ 0, 3, 0, 1, 1, 3 ], [ 0, 0, 0, 2, 0, 6 ], 
      [ 0, 4, 4, 0, 0, 0 ], [ 0, 4, 0, 0, 0, 4 ], [ 1, 3, 3, 0, 1, 0 ] ] ]


 Q-polynomial


