 degree:10
 order:54
[ 10, 10, 1, 16, 16 ][ 1, 0, 5, 0, 10, 0, 5, 0, 0, 5 ]

minimal polynomial:[ x-10, x-5, x-1, x+1, x+5, x+10 ]x^3-6*x^2-45*x+50
x^2-1
x^3-18*x^2+24*x+128
x^6-276*x^4+5184*x^2-16384

 SITA:
[ [ [ 1, 0, 0, 0, 0, 0 ], [ 0, 1, 0, 0, 0, 0 ], [ 0, 0, 1, 0, 0, 0 ], 
      [ 0, 0, 0, 1, 0, 0 ], [ 0, 0, 0, 0, 1, 0 ], [ 0, 0, 0, 0, 0, 1 ] ], 
  [ [ 0, 10, 0, 0, 0, 0 ], [ 1, 0, 1, 0, 8, 0 ], [ 0, 1, 0, 1, 0, 8 ], 
      [ 0, 0, 10, 0, 0, 0 ], [ 0, 5, 0, 0, 0, 5 ], [ 0, 0, 5, 0, 5, 0 ] ], 
  [ [ 0, 0, 10, 0, 0, 0 ], [ 0, 1, 0, 1, 0, 8 ], [ 1, 0, 1, 0, 8, 0 ], 
      [ 0, 10, 0, 0, 0, 0 ], [ 0, 0, 5, 0, 5, 0 ], [ 0, 5, 0, 0, 0, 5 ] ], 
  [ [ 0, 0, 0, 1, 0, 0 ], [ 0, 0, 1, 0, 0, 0 ], [ 0, 1, 0, 0, 0, 0 ], 
      [ 1, 0, 0, 0, 0, 0 ], [ 0, 0, 0, 0, 0, 1 ], [ 0, 0, 0, 0, 1, 0 ] ], 
  [ [ 0, 0, 0, 0, 16, 0 ], [ 0, 8, 0, 0, 0, 8 ], [ 0, 0, 8, 0, 8, 0 ], 
      [ 0, 0, 0, 0, 0, 16 ], [ 1, 0, 5, 0, 10, 0 ], [ 0, 5, 0, 1, 0, 10 ] ], 
  [ [ 0, 0, 0, 0, 0, 16 ], [ 0, 0, 8, 0, 8, 0 ], [ 0, 8, 0, 0, 0, 8 ], 
      [ 0, 0, 0, 0, 16, 0 ], [ 0, 5, 0, 1, 0, 10 ], [ 1, 0, 5, 0, 10, 0 ] ] ]


 Q-polynomial


