 degree:12
 order:40
[ 12, 6, 3, 6, 12 ][ 6, 4, 2, 1, 0, 2, 1, 0, 2, 3 ]

minimal polynomial:[ x-12, x-2, x, x+4, x^2-4*x-16 ]
 Galois type:1

 minimal polynomial of other basis elements:
 x^4-2*x^3-28*x^2+8*x+96
x^2-2*x-3
x^4-2*x^3-28*x^2+8*x+96
x^6-6*x^5-88*x^4+128*x^3+896*x^2-1536*x

 SITA:
[ [ [ 1, 0, 0, 0, 0, 0 ], [ 0, 1, 0, 0, 0, 0 ], [ 0, 0, 1, 0, 0, 0 ], 
      [ 0, 0, 0, 1, 0, 0 ], [ 0, 0, 0, 0, 1, 0 ], [ 0, 0, 0, 0, 0, 1 ] ], 
  [ [ 0, 12, 0, 0, 0, 0 ], [ 1, 5, 3, 1, 1, 1 ], [ 0, 6, 2, 0, 2, 2 ], 
      [ 0, 4, 0, 0, 0, 8 ], [ 0, 2, 2, 0, 2, 6 ], [ 0, 1, 1, 2, 3, 5 ] ], 
  [ [ 0, 0, 6, 0, 0, 0 ], [ 0, 3, 1, 0, 1, 1 ], [ 1, 2, 0, 1, 0, 2 ], 
      [ 0, 0, 2, 0, 4, 0 ], [ 0, 2, 0, 2, 0, 2 ], [ 0, 1, 1, 0, 1, 3 ] ], 
  [ [ 0, 0, 0, 3, 0, 0 ], [ 0, 1, 0, 0, 0, 2 ], [ 0, 0, 1, 0, 2, 0 ], 
      [ 1, 0, 0, 2, 0, 0 ], [ 0, 0, 2, 0, 1, 0 ], [ 0, 2, 0, 0, 0, 1 ] ], 
  [ [ 0, 0, 0, 0, 6, 0 ], [ 0, 1, 1, 0, 1, 3 ], [ 0, 2, 0, 2, 0, 2 ], 
      [ 0, 0, 4, 0, 2, 0 ], [ 1, 2, 0, 1, 0, 2 ], [ 0, 3, 1, 0, 1, 1 ] ], 
  [ [ 0, 0, 0, 0, 0, 12 ], [ 0, 1, 1, 2, 3, 5 ], [ 0, 2, 2, 0, 2, 6 ], 
      [ 0, 8, 0, 0, 0, 4 ], [ 0, 6, 2, 0, 2, 2 ], [ 1, 5, 3, 1, 1, 1 ] ] ]


 Q-polynomial


