 degree:5
 Order:24
[ 5, 10, 1, 2, 5 ][ 2, 0, 0, 0, 0, 5, 4, 0, 1, 0 ]

minimal polynomial:[ x-5, x-1, x+1, x+5, x^2-5 ]1             
 
[ x-10, x, x+2 ]
[ x-1, x+1 ]
[ x-2, x, x+2 ]
[ x-5, x-1, x+1, x+5, x^2-5 ]

 SITA:
    

[ [ [ 1, 0, 0, 0, 0, 0 ], [ 0, 1, 0, 0, 0, 0 ], [ 0, 0, 1, 0, 0, 0 ], [ 0, 0, 0, 1, 0, 0 ], 
      [ 0, 0, 0, 0, 1, 0 ], [ 0, 0, 0, 0, 0, 1 ] ], 
  [ [ 0, 5, 0, 0, 0, 0 ], [ 1, 0, 4, 0, 0, 0 ], [ 0, 2, 0, 0, 1, 2 ], [ 0, 0, 0, 0, 0, 5 ], 
      [ 0, 0, 5, 0, 0, 0 ], [ 0, 0, 4, 1, 0, 0 ] ], 
  [ [ 0, 0, 10, 0, 0, 0 ], [ 0, 4, 0, 0, 2, 4 ], [ 1, 0, 8, 1, 0, 0 ], [ 0, 0, 10, 0, 0, 0 ], 
      [ 0, 5, 0, 0, 0, 5 ], [ 0, 4, 0, 0, 2, 4 ] ], 
  [ [ 0, 0, 0, 1, 0, 0 ], [ 0, 0, 0, 0, 0, 1 ], [ 0, 0, 1, 0, 0, 0 ], [ 1, 0, 0, 0, 0, 0 ], 
      [ 0, 0, 0, 0, 1, 0 ], [ 0, 1, 0, 0, 0, 0 ] ], 
  [ [ 0, 0, 0, 0, 2, 0 ], [ 0, 0, 2, 0, 0, 0 ], [ 0, 1, 0, 0, 0, 1 ], [ 0, 0, 0, 0, 2, 0 ], 
      [ 1, 0, 0, 1, 0, 0 ], [ 0, 0, 2, 0, 0, 0 ] ], 
  [ [ 0, 0, 0, 0, 0, 5 ], [ 0, 0, 4, 1, 0, 0 ], [ 0, 2, 0, 0, 1, 2 ], [ 0, 5, 0, 0, 0, 0 ], 
      [ 0, 0, 5, 0, 0, 0 ], [ 1, 0, 4, 0, 0, 0 ] ] ]