 degree:7
 Order:32
[ 7, 14, 1, 2, 7 ][ 3, 0, 0, 0, 0, 7, 6, 0, 1, 0 ]

minimal polynomial:[ x-7, x-1, x+1, x+7, x^2-7 ]1  

[ x-14, x, x+2 ]
[ x-1, x+1 ]
[ x-2, x, x+2 ]
[ x-7, x-1, x+1, x+7, x^2-7 ]

 SITA:
      

[ [ [ 1, 0, 0, 0, 0, 0 ], [ 0, 1, 0, 0, 0, 0 ], [ 0, 0, 1, 0, 0, 0 ], [ 0, 0, 0, 1, 0, 0 ], 
      [ 0, 0, 0, 0, 1, 0 ], [ 0, 0, 0, 0, 0, 1 ] ], 
  [ [ 0, 7, 0, 0, 0, 0 ], [ 1, 0, 6, 0, 0, 0 ], [ 0, 3, 0, 0, 1, 3 ], [ 0, 0, 0, 0, 0, 7 ], 
      [ 0, 0, 7, 0, 0, 0 ], [ 0, 0, 6, 1, 0, 0 ] ], 
  [ [ 0, 0, 14, 0, 0, 0 ], [ 0, 6, 0, 0, 2, 6 ], [ 1, 0, 12, 1, 0, 0 ], [ 0, 0, 14, 0, 0, 0 ], 
      [ 0, 7, 0, 0, 0, 7 ], [ 0, 6, 0, 0, 2, 6 ] ], 
  [ [ 0, 0, 0, 1, 0, 0 ], [ 0, 0, 0, 0, 0, 1 ], [ 0, 0, 1, 0, 0, 0 ], [ 1, 0, 0, 0, 0, 0 ], 
      [ 0, 0, 0, 0, 1, 0 ], [ 0, 1, 0, 0, 0, 0 ] ], 
  [ [ 0, 0, 0, 0, 2, 0 ], [ 0, 0, 2, 0, 0, 0 ], [ 0, 1, 0, 0, 0, 1 ], [ 0, 0, 0, 0, 2, 0 ], 
      [ 1, 0, 0, 1, 0, 0 ], [ 0, 0, 2, 0, 0, 0 ] ], 
  [ [ 0, 0, 0, 0, 0, 7 ], [ 0, 0, 6, 1, 0, 0 ], [ 0, 3, 0, 0, 1, 3 ], [ 0, 7, 0, 0, 0, 0 ], 
      [ 0, 0, 7, 0, 0, 0 ], [ 1, 0, 6, 0, 0, 0 ] ] ]