 degree:8
 order:56
[ 8, 32, 1, 6, 8 ][ 1, 0, 4, 0, 0, 0, 4, 0, 1, 3 ]

minimal polynomial:[ x-8, x-4, x, x+6, x^2-8 ]
 Galois type:1

 minimal polynomial of other basis elements:
 x^4-20*x^3-448*x^2+2048*x
x^2-1
x^3-4*x^2-12*x
x^6-6*x^5-48*x^4+240*x^3+320*x^2-1536*x

 SITA:
[ [ [ 1, 0, 0, 0, 0, 0 ], [ 0, 1, 0, 0, 0, 0 ], [ 0, 0, 1, 0, 0, 0 ], 
      [ 0, 0, 0, 1, 0, 0 ], [ 0, 0, 0, 0, 1, 0 ], [ 0, 0, 0, 0, 0, 1 ] ], 
  [ [ 0, 8, 0, 0, 0, 0 ], [ 1, 0, 4, 0, 3, 0 ], [ 0, 1, 6, 0, 0, 1 ], 
      [ 0, 0, 0, 0, 0, 8 ], [ 0, 4, 0, 0, 0, 4 ], [ 0, 0, 4, 1, 3, 0 ] ], 
  [ [ 0, 0, 32, 0, 0, 0 ], [ 0, 4, 24, 0, 0, 4 ], [ 1, 6, 12, 1, 6, 6 ], 
      [ 0, 0, 32, 0, 0, 0 ], [ 0, 0, 32, 0, 0, 0 ], [ 0, 4, 24, 0, 0, 4 ] ], 
  [ [ 0, 0, 0, 1, 0, 0 ], [ 0, 0, 0, 0, 0, 1 ], [ 0, 0, 1, 0, 0, 0 ], 
      [ 1, 0, 0, 0, 0, 0 ], [ 0, 0, 0, 0, 1, 0 ], [ 0, 1, 0, 0, 0, 0 ] ], 
  [ [ 0, 0, 0, 0, 6, 0 ], [ 0, 3, 0, 0, 0, 3 ], [ 0, 0, 6, 0, 0, 0 ], 
      [ 0, 0, 0, 0, 6, 0 ], [ 1, 0, 0, 1, 4, 0 ], [ 0, 3, 0, 0, 0, 3 ] ], 
  [ [ 0, 0, 0, 0, 0, 8 ], [ 0, 0, 4, 1, 3, 0 ], [ 0, 1, 6, 0, 0, 1 ], 
      [ 0, 8, 0, 0, 0, 0 ], [ 0, 4, 0, 0, 0, 4 ], [ 1, 0, 4, 0, 3, 0 ] ] ]


 Q-polynomial


