 degree:8
 order:50
[ 8, 8, 1, 16, 16 ][ 3, 0, 2, 0, 8, 0, 2, 0, 0, 6 ]

minimal polynomial:[ x-8, x-3, x-2, x+2, x+3, x+8 ]x^3-9*x^2+2*x+48
x^2-1
x^3-13*x^2-52*x+64
x^6-273*x^4+4368*x^2-4096

 SITA:
[ [ [ 1, 0, 0, 0, 0, 0 ], [ 0, 1, 0, 0, 0, 0 ], [ 0, 0, 1, 0, 0, 0 ], 
      [ 0, 0, 0, 1, 0, 0 ], [ 0, 0, 0, 0, 1, 0 ], [ 0, 0, 0, 0, 0, 1 ] ], 
  [ [ 0, 8, 0, 0, 0, 0 ], [ 1, 0, 3, 0, 4, 0 ], [ 0, 3, 0, 1, 0, 4 ], 
      [ 0, 0, 8, 0, 0, 0 ], [ 0, 2, 0, 0, 0, 6 ], [ 0, 0, 2, 0, 6, 0 ] ], 
  [ [ 0, 0, 8, 0, 0, 0 ], [ 0, 3, 0, 1, 0, 4 ], [ 1, 0, 3, 0, 4, 0 ], 
      [ 0, 8, 0, 0, 0, 0 ], [ 0, 0, 2, 0, 6, 0 ], [ 0, 2, 0, 0, 0, 6 ] ], 
  [ [ 0, 0, 0, 1, 0, 0 ], [ 0, 0, 1, 0, 0, 0 ], [ 0, 1, 0, 0, 0, 0 ], 
      [ 1, 0, 0, 0, 0, 0 ], [ 0, 0, 0, 0, 0, 1 ], [ 0, 0, 0, 0, 1, 0 ] ], 
  [ [ 0, 0, 0, 0, 16, 0 ], [ 0, 4, 0, 0, 0, 12 ], [ 0, 0, 4, 0, 12, 0 ], 
      [ 0, 0, 0, 0, 0, 16 ], [ 1, 0, 6, 0, 9, 0 ], [ 0, 6, 0, 1, 0, 9 ] ], 
  [ [ 0, 0, 0, 0, 0, 16 ], [ 0, 0, 4, 0, 12, 0 ], [ 0, 4, 0, 0, 0, 12 ], 
      [ 0, 0, 0, 0, 16, 0 ], [ 0, 6, 0, 1, 0, 9 ], [ 1, 0, 6, 0, 9, 0 ] ] ]


 Q-polynomial


