 degree:9
 Order:40
[ 9, 18, 1, 2, 9 ][ 4, 0, 0, 0, 0, 9, 8, 0, 1, 0 ]

minimal polynomial:[ x-9, x-3, x-1, x+1, x+3, x+9 ]  

[ x-18, x, x+2 ]
[ x-1, x+1 ]
[ x-2, x, x+2 ]
[ x-9, x-3, x-1, x+1, x+3, x+9 ]

 SITA:
         

[ [ [ 1, 0, 0, 0, 0, 0 ], [ 0, 1, 0, 0, 0, 0 ], [ 0, 0, 1, 0, 0, 0 ], [ 0, 0, 0, 1, 0, 0 ], 
      [ 0, 0, 0, 0, 1, 0 ], [ 0, 0, 0, 0, 0, 1 ] ], 
  [ [ 0, 9, 0, 0, 0, 0 ], [ 1, 0, 8, 0, 0, 0 ], [ 0, 4, 0, 0, 1, 4 ], [ 0, 0, 0, 0, 0, 9 ], 
      [ 0, 0, 9, 0, 0, 0 ], [ 0, 0, 8, 1, 0, 0 ] ], 
  [ [ 0, 0, 18, 0, 0, 0 ], [ 0, 8, 0, 0, 2, 8 ], [ 1, 0, 16, 1, 0, 0 ], [ 0, 0, 18, 0, 0, 0 ], 
      [ 0, 9, 0, 0, 0, 9 ], [ 0, 8, 0, 0, 2, 8 ] ], 
  [ [ 0, 0, 0, 1, 0, 0 ], [ 0, 0, 0, 0, 0, 1 ], [ 0, 0, 1, 0, 0, 0 ], [ 1, 0, 0, 0, 0, 0 ], 
      [ 0, 0, 0, 0, 1, 0 ], [ 0, 1, 0, 0, 0, 0 ] ], 
  [ [ 0, 0, 0, 0, 2, 0 ], [ 0, 0, 2, 0, 0, 0 ], [ 0, 1, 0, 0, 0, 1 ], [ 0, 0, 0, 0, 2, 0 ], 
      [ 1, 0, 0, 1, 0, 0 ], [ 0, 0, 2, 0, 0, 0 ] ], 
  [ [ 0, 0, 0, 0, 0, 9 ], [ 0, 0, 8, 1, 0, 0 ], [ 0, 4, 0, 0, 1, 4 ], [ 0, 9, 0, 0, 0, 0 ], 
      [ 0, 0, 9, 0, 0, 0 ], [ 1, 0, 8, 0, 0, 0 ] ] ]