 degree:6
 Order:31
[ 6, 6, 6, 6, 6 ][ 2, 1, 0, 0, 2, 1, 1, 2, 1, 2 ]

minimal polynomial:[ x-6, x^5+x^4-12*x^3-21*x^2+x+5 ]1 

[ x-6, x^5+x^4-12*x^3-21*x^2+x+5 ]
[ x-6, x^5+x^4-12*x^3-21*x^2+x+5 ]
[ x-6, x^5+x^4-12*x^3-21*x^2+x+5 ]
[ x-6, x^5+x^4-12*x^3-21*x^2+x+5 ]

 SITA:
      

[ [ [ 1, 0, 0, 0, 0, 0 ], [ 0, 1, 0, 0, 0, 0 ], [ 0, 0, 1, 0, 0, 0 ], [ 0, 0, 0, 1, 0, 0 ], 
      [ 0, 0, 0, 0, 1, 0 ], [ 0, 0, 0, 0, 0, 1 ] ], 
  [ [ 0, 6, 0, 0, 0, 0 ], [ 1, 2, 2, 1, 0, 0 ], [ 0, 2, 0, 2, 1, 1 ], [ 0, 1, 2, 0, 2, 1 ], 
      [ 0, 0, 1, 2, 1, 2 ], [ 0, 0, 1, 1, 2, 2 ] ], 
  [ [ 0, 0, 6, 0, 0, 0 ], [ 0, 2, 0, 2, 1, 1 ], [ 1, 0, 2, 0, 2, 1 ], [ 0, 2, 0, 1, 1, 2 ], 
      [ 0, 1, 2, 1, 0, 2 ], [ 0, 1, 1, 2, 2, 0 ] ], 
  [ [ 0, 0, 0, 6, 0, 0 ], [ 0, 1, 2, 0, 2, 1 ], [ 0, 2, 0, 1, 1, 2 ], [ 1, 0, 1, 2, 0, 2 ], 
      [ 0, 2, 1, 0, 2, 1 ], [ 0, 1, 2, 2, 1, 0 ] ], 
  [ [ 0, 0, 0, 0, 6, 0 ], [ 0, 0, 1, 2, 1, 2 ], [ 0, 1, 2, 1, 0, 2 ], [ 0, 2, 1, 0, 2, 1 ], 
      [ 1, 1, 0, 2, 2, 0 ], [ 0, 2, 2, 1, 0, 1 ] ], 
  [ [ 0, 0, 0, 0, 0, 6 ], [ 0, 0, 1, 1, 2, 2 ], [ 0, 1, 1, 2, 2, 0 ], [ 0, 1, 2, 2, 1, 0 ], 
      [ 0, 2, 2, 1, 0, 1 ], [ 1, 2, 0, 0, 1, 2 ] ] ]