 degree:12
 order:36
[ 12, 3, 4, 4, 12 ][ 8, 6, 3, 4, 0, 3, 0, 0, 2, 2 ]

minimal polynomial:[ x-12, x-3, x-2, x+1, x+4, x+6 ]x^2-2*x-3
x^3-3*x^2-6*x+8
x^3-3*x^2-6*x+8
x^6-6*x^5-87*x^4+100*x^3+1044*x^2-864*x-1728

 SITA:
[ [ [ 1, 0, 0, 0, 0, 0 ], [ 0, 1, 0, 0, 0, 0 ], [ 0, 0, 1, 0, 0, 0 ], 
      [ 0, 0, 0, 1, 0, 0 ], [ 0, 0, 0, 0, 1, 0 ], [ 0, 0, 0, 0, 0, 1 ] ], 
  [ [ 0, 12, 0, 0, 0, 0 ], [ 1, 2, 2, 2, 1, 4 ], [ 0, 8, 0, 0, 4, 0 ], 
      [ 0, 6, 0, 0, 0, 6 ], [ 0, 3, 3, 0, 0, 6 ], [ 0, 4, 0, 2, 2, 4 ] ], 
  [ [ 0, 0, 3, 0, 0, 0 ], [ 0, 2, 0, 0, 1, 0 ], [ 1, 0, 2, 0, 0, 0 ], 
      [ 0, 0, 0, 0, 0, 3 ], [ 0, 3, 0, 0, 0, 0 ], [ 0, 0, 0, 1, 0, 2 ] ], 
  [ [ 0, 0, 0, 4, 0, 0 ], [ 0, 2, 0, 0, 0, 2 ], [ 0, 0, 0, 0, 0, 4 ], 
      [ 1, 0, 0, 1, 2, 0 ], [ 0, 0, 0, 2, 2, 0 ], [ 0, 2, 1, 0, 0, 1 ] ], 
  [ [ 0, 0, 0, 0, 4, 0 ], [ 0, 1, 1, 0, 0, 2 ], [ 0, 4, 0, 0, 0, 0 ], 
      [ 0, 0, 0, 2, 2, 0 ], [ 1, 0, 0, 2, 1, 0 ], [ 0, 2, 0, 0, 0, 2 ] ], 
  [ [ 0, 0, 0, 0, 0, 12 ], [ 0, 4, 0, 2, 2, 4 ], [ 0, 0, 0, 4, 0, 8 ], 
      [ 0, 6, 3, 0, 0, 3 ], [ 0, 6, 0, 0, 0, 6 ], [ 1, 4, 2, 1, 2, 2 ] ] ]


 Q-polynomial


