 degree:14
 order:48
[ 14, 4, 1, 14, 14 ][ 7, 0, 5, 3, 0, 0, 2, 0, 1, 5 ]

minimal polynomial:[ x-14, x-2, x, x+6, x^2-14 ]
 Galois type:1

 minimal polynomial of other basis elements:
 x^3-2*x^2-8*x
x^2-1
x^4-10*x^3-116*x^2+840*x
x^6-10*x^5-82*x^4+308*x^3+952*x^2-2352*x

 SITA:
[ [ [ 1, 0, 0, 0, 0, 0 ], [ 0, 1, 0, 0, 0, 0 ], [ 0, 0, 1, 0, 0, 0 ], 
      [ 0, 0, 0, 1, 0, 0 ], [ 0, 0, 0, 0, 1, 0 ], [ 0, 0, 0, 0, 0, 1 ] ], 
  [ [ 0, 14, 0, 0, 0, 0 ], [ 1, 3, 2, 0, 5, 3 ], [ 0, 7, 0, 0, 0, 7 ], 
      [ 0, 0, 0, 0, 0, 14 ], [ 0, 5, 0, 0, 4, 5 ], [ 0, 3, 2, 1, 5, 3 ] ], 
  [ [ 0, 0, 4, 0, 0, 0 ], [ 0, 2, 0, 0, 0, 2 ], [ 1, 0, 2, 1, 0, 0 ], 
      [ 0, 0, 4, 0, 0, 0 ], [ 0, 0, 0, 0, 4, 0 ], [ 0, 2, 0, 0, 0, 2 ] ], 
  [ [ 0, 0, 0, 1, 0, 0 ], [ 0, 0, 0, 0, 0, 1 ], [ 0, 0, 1, 0, 0, 0 ], 
      [ 1, 0, 0, 0, 0, 0 ], [ 0, 0, 0, 0, 1, 0 ], [ 0, 1, 0, 0, 0, 0 ] ], 
  [ [ 0, 0, 0, 0, 14, 0 ], [ 0, 5, 0, 0, 4, 5 ], [ 0, 0, 0, 0, 14, 0 ], 
      [ 0, 0, 0, 0, 14, 0 ], [ 1, 4, 4, 1, 0, 4 ], [ 0, 5, 0, 0, 4, 5 ] ], 
  [ [ 0, 0, 0, 0, 0, 14 ], [ 0, 3, 2, 1, 5, 3 ], [ 0, 7, 0, 0, 0, 7 ], 
      [ 0, 14, 0, 0, 0, 0 ], [ 0, 5, 0, 0, 4, 5 ], [ 1, 3, 2, 0, 5, 3 ] ] ]


 Q-polynomial


