 degree:12
 order:54
[ 12, 24, 2, 3, 12 ][ 3, 12, 0, 0, 0, 0, 6, 0, 0, 3 ]

minimal polynomial:[ x-12, x-3, x, x+6, x^2-3*x-36 ]
 Galois type:1

 minimal polynomial of other basis elements:
 x^4-18*x^3-216*x^2+1728*x
x^2-x-2
x^3-9*x
x^6-6*x^5-117*x^4+378*x^3+2592*x^2-7776*x

 SITA:
[ [ [ 1, 0, 0, 0, 0, 0 ], [ 0, 1, 0, 0, 0, 0 ], [ 0, 0, 1, 0, 0, 0 ], 
      [ 0, 0, 0, 1, 0, 0 ], [ 0, 0, 0, 0, 1, 0 ], [ 0, 0, 0, 0, 0, 1 ] ], 
  [ [ 0, 12, 0, 0, 0, 0 ], [ 1, 3, 6, 2, 0, 0 ], [ 0, 3, 6, 0, 0, 3 ], 
      [ 0, 12, 0, 0, 0, 0 ], [ 0, 0, 0, 0, 0, 12 ], [ 0, 0, 6, 0, 3, 3 ] ], 
  [ [ 0, 0, 24, 0, 0, 0 ], [ 0, 6, 12, 0, 0, 6 ], [ 1, 6, 6, 2, 3, 6 ], 
      [ 0, 0, 24, 0, 0, 0 ], [ 0, 0, 24, 0, 0, 0 ], [ 0, 6, 12, 0, 0, 6 ] ], 
  [ [ 0, 0, 0, 2, 0, 0 ], [ 0, 2, 0, 0, 0, 0 ], [ 0, 0, 2, 0, 0, 0 ], 
      [ 1, 0, 0, 1, 0, 0 ], [ 0, 0, 0, 0, 2, 0 ], [ 0, 0, 0, 0, 0, 2 ] ], 
  [ [ 0, 0, 0, 0, 3, 0 ], [ 0, 0, 0, 0, 0, 3 ], [ 0, 0, 3, 0, 0, 0 ], 
      [ 0, 0, 0, 0, 3, 0 ], [ 1, 0, 0, 2, 0, 0 ], [ 0, 3, 0, 0, 0, 0 ] ], 
  [ [ 0, 0, 0, 0, 0, 12 ], [ 0, 0, 6, 0, 3, 3 ], [ 0, 3, 6, 0, 0, 3 ], 
      [ 0, 0, 0, 0, 0, 12 ], [ 0, 12, 0, 0, 0, 0 ], [ 1, 3, 6, 2, 0, 0 ] ] ]


 Q-polynomial


