 degree:12
 order:48
[ 12, 2, 6, 9, 18 ][ 6, 4, 4, 2, 2, 0, 0, 0, 2, 4 ]

minimal polynomial:[ x-12, x-4, x-2, x+2, x+4, x+6 ]x^2-x-2
x^3-6*x^2-4*x+24
x^3-7*x^2-21*x+27
x^6-7*x^5-203*x^4-105*x^3+3654*x^2-2268*x-5832

 SITA:
[ [ [ 1, 0, 0, 0, 0, 0 ], [ 0, 1, 0, 0, 0, 0 ], [ 0, 0, 1, 0, 0, 0 ], 
      [ 0, 0, 0, 1, 0, 0 ], [ 0, 0, 0, 0, 1, 0 ], [ 0, 0, 0, 0, 0, 1 ] ], 
  [ [ 0, 12, 0, 0, 0, 0 ], [ 1, 2, 1, 2, 3, 3 ], [ 0, 6, 0, 6, 0, 0 ], 
      [ 0, 4, 2, 0, 0, 6 ], [ 0, 4, 0, 0, 0, 8 ], [ 0, 2, 0, 2, 4, 4 ] ], 
  [ [ 0, 0, 2, 0, 0, 0 ], [ 0, 1, 0, 1, 0, 0 ], [ 1, 0, 1, 0, 0, 0 ], 
      [ 0, 2, 0, 0, 0, 0 ], [ 0, 0, 0, 0, 0, 2 ], [ 0, 0, 0, 0, 1, 1 ] ], 
  [ [ 0, 0, 0, 6, 0, 0 ], [ 0, 2, 1, 0, 0, 3 ], [ 0, 6, 0, 0, 0, 0 ], 
      [ 1, 0, 0, 2, 3, 0 ], [ 0, 0, 0, 2, 4, 0 ], [ 0, 2, 0, 0, 0, 4 ] ], 
  [ [ 0, 0, 0, 0, 9, 0 ], [ 0, 3, 0, 0, 0, 6 ], [ 0, 0, 0, 0, 0, 9 ], 
      [ 0, 0, 0, 3, 6, 0 ], [ 1, 0, 0, 4, 4, 0 ], [ 0, 4, 1, 0, 0, 4 ] ], 
  [ [ 0, 0, 0, 0, 0, 18 ], [ 0, 3, 0, 3, 6, 6 ], [ 0, 0, 0, 0, 9, 9 ], 
      [ 0, 6, 0, 0, 0, 12 ], [ 0, 8, 2, 0, 0, 8 ], [ 1, 4, 1, 4, 4, 4 ] ] ]


 Q-polynomial


