 degree:12
 Order:40
[ 12, 6, 3, 6, 12 ][ 6, 4, 2, 0, 0, 2, 1, 0, 2, 3 ]

minimal polynomial:[ x-12, x-8, x-2, x, x+2, x+4 ]   

[ x-6, x-2, x+2, x+4 ]
[ x-3, x+1 ]
[ x-6, x-2, x+2, x+4 ]
[ x-12, x-2, x, x+4, x+8 ]

 SITA:
          

[ [ [ 1, 0, 0, 0, 0, 0 ], [ 0, 1, 0, 0, 0, 0 ], [ 0, 0, 1, 0, 0, 0 ], [ 0, 0, 0, 1, 0, 0 ], 
      [ 0, 0, 0, 0, 1, 0 ], [ 0, 0, 0, 0, 0, 1 ] ], 
  [ [ 0, 12, 0, 0, 0, 0 ], [ 1, 6, 3, 1, 1, 0 ], [ 0, 6, 2, 0, 2, 2 ], [ 0, 4, 0, 0, 0, 8 ], 
      [ 0, 2, 2, 0, 2, 6 ], [ 0, 0, 1, 2, 3, 6 ] ], 
  [ [ 0, 0, 6, 0, 0, 0 ], [ 0, 3, 1, 0, 1, 1 ], [ 1, 2, 0, 1, 0, 2 ], [ 0, 0, 2, 0, 4, 0 ], 
      [ 0, 2, 0, 2, 0, 2 ], [ 0, 1, 1, 0, 1, 3 ] ], 
  [ [ 0, 0, 0, 3, 0, 0 ], [ 0, 1, 0, 0, 0, 2 ], [ 0, 0, 1, 0, 2, 0 ], [ 1, 0, 0, 2, 0, 0 ], 
      [ 0, 0, 2, 0, 1, 0 ], [ 0, 2, 0, 0, 0, 1 ] ], 
  [ [ 0, 0, 0, 0, 6, 0 ], [ 0, 1, 1, 0, 1, 3 ], [ 0, 2, 0, 2, 0, 2 ], [ 0, 0, 4, 0, 2, 0 ], 
      [ 1, 2, 0, 1, 0, 2 ], [ 0, 3, 1, 0, 1, 1 ] ], 
  [ [ 0, 0, 0, 0, 0, 12 ], [ 0, 0, 1, 2, 3, 6 ], [ 0, 2, 2, 0, 2, 6 ], [ 0, 8, 0, 0, 0, 4 ], 
      [ 0, 6, 2, 0, 2, 2 ], [ 1, 6, 3, 1, 1, 0 ] ] ]