 degree:12
 order:56
[ 12, 12, 1, 15, 15 ][ 6, 0, 4, 0, 12, 0, 4, 0, 0, 8 ]

minimal polynomial:[ x-12, x-4, x-2, x+2, x+4, x+12 ]x^3-14*x^2+16*x+96
x^2-1
x^3-11*x^2-65*x+75
x^6-251*x^4+5875*x^2-5625

 SITA:
[ [ [ 1, 0, 0, 0, 0, 0 ], [ 0, 1, 0, 0, 0, 0 ], [ 0, 0, 1, 0, 0, 0 ], 
      [ 0, 0, 0, 1, 0, 0 ], [ 0, 0, 0, 0, 1, 0 ], [ 0, 0, 0, 0, 0, 1 ] ], 
  [ [ 0, 12, 0, 0, 0, 0 ], [ 1, 0, 6, 0, 5, 0 ], [ 0, 6, 0, 1, 0, 5 ], 
      [ 0, 0, 12, 0, 0, 0 ], [ 0, 4, 0, 0, 0, 8 ], [ 0, 0, 4, 0, 8, 0 ] ], 
  [ [ 0, 0, 12, 0, 0, 0 ], [ 0, 6, 0, 1, 0, 5 ], [ 1, 0, 6, 0, 5, 0 ], 
      [ 0, 12, 0, 0, 0, 0 ], [ 0, 0, 4, 0, 8, 0 ], [ 0, 4, 0, 0, 0, 8 ] ], 
  [ [ 0, 0, 0, 1, 0, 0 ], [ 0, 0, 1, 0, 0, 0 ], [ 0, 1, 0, 0, 0, 0 ], 
      [ 1, 0, 0, 0, 0, 0 ], [ 0, 0, 0, 0, 0, 1 ], [ 0, 0, 0, 0, 1, 0 ] ], 
  [ [ 0, 0, 0, 0, 15, 0 ], [ 0, 5, 0, 0, 0, 10 ], [ 0, 0, 5, 0, 10, 0 ], 
      [ 0, 0, 0, 0, 0, 15 ], [ 1, 0, 8, 0, 6, 0 ], [ 0, 8, 0, 1, 0, 6 ] ], 
  [ [ 0, 0, 0, 0, 0, 15 ], [ 0, 0, 5, 0, 10, 0 ], [ 0, 5, 0, 0, 0, 10 ], 
      [ 0, 0, 0, 0, 15, 0 ], [ 0, 8, 0, 1, 0, 6 ], [ 1, 0, 8, 0, 6, 0 ] ] ]


 Q-polynomial


