 degree:12
 order:56
[ 12, 3, 4, 12, 24 ][ 4, 0, 2, 3, 0, 2, 0, 0, 2, 3 ]

minimal polynomial:[ x-12, x-4, x+2, x+6, x^2-8 ]
 Galois type:1

 minimal polynomial of other basis elements:
 x^2-2*x-3
x^3-16*x
x^6-8*x^5-76*x^4+256*x^3+1120*x^2-1536*x-4608
x^5-24*x^4-112*x^3+2304*x^2+9216*x

 SITA:
[ [ [ 1, 0, 0, 0, 0, 0 ], [ 0, 1, 0, 0, 0, 0 ], [ 0, 0, 1, 0, 0, 0 ], 
      [ 0, 0, 0, 1, 0, 0 ], [ 0, 0, 0, 0, 1, 0 ], [ 0, 0, 0, 0, 0, 1 ] ], 
  [ [ 0, 12, 0, 0, 0, 0 ], [ 1, 2, 1, 0, 2, 6 ], [ 0, 4, 0, 0, 8, 0 ], 
      [ 0, 0, 0, 0, 0, 12 ], [ 0, 2, 2, 0, 2, 6 ], [ 0, 3, 0, 2, 3, 4 ] ], 
  [ [ 0, 0, 3, 0, 0, 0 ], [ 0, 1, 0, 0, 2, 0 ], [ 1, 0, 2, 0, 0, 0 ], 
      [ 0, 0, 0, 3, 0, 0 ], [ 0, 2, 0, 0, 1, 0 ], [ 0, 0, 0, 0, 0, 3 ] ], 
  [ [ 0, 0, 0, 4, 0, 0 ], [ 0, 0, 0, 0, 0, 4 ], [ 0, 0, 0, 4, 0, 0 ], 
      [ 1, 0, 3, 0, 0, 0 ], [ 0, 0, 0, 0, 0, 4 ], [ 0, 2, 0, 0, 2, 0 ] ], 
  [ [ 0, 0, 0, 0, 12, 0 ], [ 0, 2, 2, 0, 2, 6 ], [ 0, 8, 0, 0, 4, 0 ], 
      [ 0, 0, 0, 0, 0, 12 ], [ 1, 2, 1, 0, 2, 6 ], [ 0, 3, 0, 2, 3, 4 ] ], 
  [ [ 0, 0, 0, 0, 0, 24 ], [ 0, 6, 0, 4, 6, 8 ], [ 0, 0, 0, 0, 0, 24 ], 
      [ 0, 12, 0, 0, 12, 0 ], [ 0, 6, 0, 4, 6, 8 ], [ 1, 4, 3, 0, 4, 12 ] ] ]


 Q-polynomial


