 degree:12
 order:42
[ 12, 8, 1, 8, 12 ][ 6, 0, 0, 7, 0, 6, 0, 0, 1, 4 ]

minimal polynomial:[ x-12, x-3, x-2, x+2, x+3, x+12 ]x^3-5*x^2-28*x+32
x^2-1
x^6-81*x^4+1104*x^2-1024
x^3-13*x^2+6*x+72

 SITA:
[ [ [ 1, 0, 0, 0, 0, 0 ], [ 0, 1, 0, 0, 0, 0 ], [ 0, 0, 1, 0, 0, 0 ], 
      [ 0, 0, 0, 1, 0, 0 ], [ 0, 0, 0, 0, 1, 0 ], [ 0, 0, 0, 0, 0, 1 ] ], 
  [ [ 0, 12, 0, 0, 0, 0 ], [ 1, 0, 4, 0, 0, 7 ], [ 0, 6, 0, 0, 6, 0 ], 
      [ 0, 0, 0, 0, 0, 12 ], [ 0, 0, 6, 0, 0, 6 ], [ 0, 7, 0, 1, 4, 0 ] ], 
  [ [ 0, 0, 8, 0, 0, 0 ], [ 0, 4, 0, 0, 4, 0 ], [ 1, 0, 1, 0, 0, 6 ], 
      [ 0, 0, 0, 0, 8, 0 ], [ 0, 6, 0, 1, 1, 0 ], [ 0, 0, 4, 0, 0, 4 ] ], 
  [ [ 0, 0, 0, 1, 0, 0 ], [ 0, 0, 0, 0, 0, 1 ], [ 0, 0, 0, 0, 1, 0 ], 
      [ 1, 0, 0, 0, 0, 0 ], [ 0, 0, 1, 0, 0, 0 ], [ 0, 1, 0, 0, 0, 0 ] ], 
  [ [ 0, 0, 0, 0, 8, 0 ], [ 0, 0, 4, 0, 0, 4 ], [ 0, 6, 0, 1, 1, 0 ], 
      [ 0, 0, 8, 0, 0, 0 ], [ 1, 0, 1, 0, 0, 6 ], [ 0, 4, 0, 0, 4, 0 ] ], 
  [ [ 0, 0, 0, 0, 0, 12 ], [ 0, 7, 0, 1, 4, 0 ], [ 0, 0, 6, 0, 0, 6 ], 
      [ 0, 12, 0, 0, 0, 0 ], [ 0, 6, 0, 0, 6, 0 ], [ 1, 0, 4, 0, 0, 7 ] ] ]


 Q-polynomial


