 degree:9
 order:44
[ 9, 9, 1, 12, 12 ][ 4, 0, 3, 0, 9, 0, 3, 0, 0, 6 ]

minimal polynomial:[ x-9, x-3, x-2, x+2, x+3, x+9 ]x^3-10*x^2+3*x+54
x^2-1
x^3-9*x^2-40*x+48
x^6-161*x^4+2464*x^2-2304

 SITA:
[ [ [ 1, 0, 0, 0, 0, 0 ], [ 0, 1, 0, 0, 0, 0 ], [ 0, 0, 1, 0, 0, 0 ], 
      [ 0, 0, 0, 1, 0, 0 ], [ 0, 0, 0, 0, 1, 0 ], [ 0, 0, 0, 0, 0, 1 ] ], 
  [ [ 0, 9, 0, 0, 0, 0 ], [ 1, 0, 4, 0, 4, 0 ], [ 0, 4, 0, 1, 0, 4 ], 
      [ 0, 0, 9, 0, 0, 0 ], [ 0, 3, 0, 0, 0, 6 ], [ 0, 0, 3, 0, 6, 0 ] ], 
  [ [ 0, 0, 9, 0, 0, 0 ], [ 0, 4, 0, 1, 0, 4 ], [ 1, 0, 4, 0, 4, 0 ], 
      [ 0, 9, 0, 0, 0, 0 ], [ 0, 0, 3, 0, 6, 0 ], [ 0, 3, 0, 0, 0, 6 ] ], 
  [ [ 0, 0, 0, 1, 0, 0 ], [ 0, 0, 1, 0, 0, 0 ], [ 0, 1, 0, 0, 0, 0 ], 
      [ 1, 0, 0, 0, 0, 0 ], [ 0, 0, 0, 0, 0, 1 ], [ 0, 0, 0, 0, 1, 0 ] ], 
  [ [ 0, 0, 0, 0, 12, 0 ], [ 0, 4, 0, 0, 0, 8 ], [ 0, 0, 4, 0, 8, 0 ], 
      [ 0, 0, 0, 0, 0, 12 ], [ 1, 0, 6, 0, 5, 0 ], [ 0, 6, 0, 1, 0, 5 ] ], 
  [ [ 0, 0, 0, 0, 0, 12 ], [ 0, 0, 4, 0, 8, 0 ], [ 0, 4, 0, 0, 0, 8 ], 
      [ 0, 0, 0, 0, 12, 0 ], [ 0, 6, 0, 1, 0, 5 ], [ 1, 0, 6, 0, 5, 0 ] ] ]


 Q-polynomial


