 degree:9
 order:40
[ 9, 3, 3, 6, 18 ][ 6, 0, 3, 2, 3, 0, 0, 0, 1, 2 ]

minimal polynomial:[ x-9, x-3, x-2, x+1, x+3, x+6 ]x^2-2*x-3
x^3-2*x^2-5*x+6
x^3-5*x^2-8*x+12
x^5-16*x^4-59*x^3+426*x^2-180*x-648

 SITA:
[ [ [ 1, 0, 0, 0, 0, 0 ], [ 0, 1, 0, 0, 0, 0 ], [ 0, 0, 1, 0, 0, 0 ], 
      [ 0, 0, 0, 1, 0, 0 ], [ 0, 0, 0, 0, 1, 0 ], [ 0, 0, 0, 0, 0, 1 ] ], 
  [ [ 0, 9, 0, 0, 0, 0 ], [ 1, 0, 2, 0, 2, 4 ], [ 0, 6, 0, 3, 0, 0 ], 
      [ 0, 0, 3, 0, 0, 6 ], [ 0, 3, 0, 0, 0, 6 ], [ 0, 2, 0, 1, 2, 4 ] ], 
  [ [ 0, 0, 3, 0, 0, 0 ], [ 0, 2, 0, 1, 0, 0 ], [ 1, 0, 2, 0, 0, 0 ], 
      [ 0, 3, 0, 0, 0, 0 ], [ 0, 0, 0, 0, 0, 3 ], [ 0, 0, 0, 0, 1, 2 ] ], 
  [ [ 0, 0, 0, 3, 0, 0 ], [ 0, 0, 1, 0, 0, 2 ], [ 0, 3, 0, 0, 0, 0 ], 
      [ 1, 0, 0, 0, 2, 0 ], [ 0, 0, 0, 1, 2, 0 ], [ 0, 1, 0, 0, 0, 2 ] ], 
  [ [ 0, 0, 0, 0, 6, 0 ], [ 0, 2, 0, 0, 0, 4 ], [ 0, 0, 0, 0, 0, 6 ], 
      [ 0, 0, 0, 2, 4, 0 ], [ 1, 0, 0, 2, 3, 0 ], [ 0, 2, 1, 0, 0, 3 ] ], 
  [ [ 0, 0, 0, 0, 0, 18 ], [ 0, 4, 0, 2, 4, 8 ], [ 0, 0, 0, 0, 6, 12 ], 
      [ 0, 6, 0, 0, 0, 12 ], [ 0, 6, 3, 0, 0, 9 ], [ 1, 4, 2, 2, 3, 6 ] ] ]


 Q-polynomial


