 degree:12
 order:32
[ 12, 6, 1, 12 ][ 6, 0, 4, 0, 3, 1 ]

minimal polynomial:[ x-12, x, x+4, x^2-12 ]
 Galois type:1

 minimal polynomial of other basis elements:
 x^3-4*x^2-12*x
x^2-1
x^5-8*x^4-60*x^3+96*x^2+576*x

 SITA:
[ [ [ 1, 0, 0, 0, 0 ], [ 0, 1, 0, 0, 0 ], [ 0, 0, 1, 0, 0 ], [ 0, 0, 0, 1, 0 ], [ 0, 0, 0, 0, 1 ] ], 
  [ [ 0, 12, 0, 0, 0 ], [ 1, 4, 3, 0, 4 ], [ 0, 6, 0, 0, 6 ], [ 0, 0, 0, 0, 12 ], [ 0, 4, 3, 1, 4 ] ], 
  [ [ 0, 0, 6, 0, 0 ], [ 0, 3, 0, 0, 3 ], [ 1, 0, 4, 1, 0 ], [ 0, 0, 6, 0, 0 ], [ 0, 3, 0, 0, 3 ] ], 
  [ [ 0, 0, 0, 1, 0 ], [ 0, 0, 0, 0, 1 ], [ 0, 0, 1, 0, 0 ], [ 1, 0, 0, 0, 0 ], [ 0, 1, 0, 0, 0 ] ], 
  [ [ 0, 0, 0, 0, 12 ], [ 0, 4, 3, 1, 4 ], [ 0, 6, 0, 0, 6 ], [ 0, 12, 0, 0, 0 ], [ 1, 4, 3, 0, 4 ] ] ]


 Q-polynomial


