 degree:12
 order:270
[ 12, 1, 96, 160 ][ 12, 1, 0, 0, 0, 6 ]

minimal polynomial:[ x-12, x-6, x, x+3, x+6 ]
x^2-1
x^4-111*x^3+1224*x^2+20736*x
x^5-142*x^4-3000*x^3+17600*x^2+256000*x

 SITA:
[ [ [ 1, 0, 0, 0, 0 ], [ 0, 1, 0, 0, 0 ], [ 0, 0, 1, 0, 0 ], 
      [ 0, 0, 0, 1, 0 ], [ 0, 0, 0, 0, 1 ] ], 
  [ [ 0, 12, 0, 0, 0 ], [ 1, 2, 1, 8, 0 ], [ 0, 12, 0, 0, 0 ], 
      [ 0, 1, 0, 1, 10 ], [ 0, 0, 0, 6, 6 ] ], 
  [ [ 0, 0, 1, 0, 0 ], [ 0, 1, 0, 0, 0 ], [ 1, 0, 0, 0, 0 ], 
      [ 0, 0, 0, 1, 0 ], [ 0, 0, 0, 0, 1 ] ], 
  [ [ 0, 0, 0, 96, 0 ], [ 0, 8, 0, 8, 80 ], [ 0, 0, 0, 96, 0 ], 
      [ 1, 1, 1, 43, 50 ], [ 0, 6, 0, 30, 60 ] ], 
  [ [ 0, 0, 0, 0, 160 ], [ 0, 0, 0, 80, 80 ], [ 0, 0, 0, 0, 160 ], 
      [ 0, 10, 0, 50, 100 ], [ 1, 6, 1, 60, 92 ] ] ]

