 degree:12
 order:32
[ 12, 3, 4, 12 ][ 4, 6, 4, 0, 2, 2 ]

minimal polynomial:[ x-12, x, x+4, x^2-8 ]
 Galois type:1

 minimal polynomial of other basis elements:
 x^2-2*x-3
x^3-16*x
x^5-8*x^4-56*x^3+64*x^2+384*x

 SITA:
[ [ [ 1, 0, 0, 0, 0 ], [ 0, 1, 0, 0, 0 ], [ 0, 0, 1, 0, 0 ], [ 0, 0, 0, 1, 0 ], [ 0, 0, 0, 0, 1 ] ], 
  [ [ 0, 12, 0, 0, 0 ], [ 1, 4, 1, 2, 4 ], [ 0, 4, 0, 0, 8 ], [ 0, 6, 0, 0, 6 ], [ 0, 4, 2, 2, 4 ] ], 
  [ [ 0, 0, 3, 0, 0 ], [ 0, 1, 0, 0, 2 ], [ 1, 0, 2, 0, 0 ], [ 0, 0, 0, 3, 0 ], [ 0, 2, 0, 0, 1 ] ], 
  [ [ 0, 0, 0, 4, 0 ], [ 0, 2, 0, 0, 2 ], [ 0, 0, 0, 4, 0 ], [ 1, 0, 3, 0, 0 ], [ 0, 2, 0, 0, 2 ] ], 
  [ [ 0, 0, 0, 0, 12 ], [ 0, 4, 2, 2, 4 ], [ 0, 8, 0, 0, 4 ], [ 0, 6, 0, 0, 6 ], [ 1, 4, 1, 2, 4 ] ] ]


 Q-polynomial


