 degree:12
 order:126
[ 12, 1, 48, 64 ][ 12, 2, 0, 0, 0, 6 ]

minimal polynomial:[ x-12, x-6, x, x+2, x+6 ]
x^2-1
x^4-52*x^3+96*x^2+4608*x
x^4-64*x^3-64*x^2+4096*x

 SITA:
[ [ [ 1, 0, 0, 0, 0 ], [ 0, 1, 0, 0, 0 ], [ 0, 0, 1, 0, 0 ], 
      [ 0, 0, 0, 1, 0 ], [ 0, 0, 0, 0, 1 ] ], 
  [ [ 0, 12, 0, 0, 0 ], [ 1, 2, 1, 8, 0 ], [ 0, 12, 0, 0, 0 ], 
      [ 0, 2, 0, 2, 8 ], [ 0, 0, 0, 6, 6 ] ], 
  [ [ 0, 0, 1, 0, 0 ], [ 0, 1, 0, 0, 0 ], [ 1, 0, 0, 0, 0 ], 
      [ 0, 0, 0, 1, 0 ], [ 0, 0, 0, 0, 1 ] ], 
  [ [ 0, 0, 0, 48, 0 ], [ 0, 8, 0, 8, 32 ], [ 0, 0, 0, 48, 0 ], 
      [ 1, 2, 1, 20, 24 ], [ 0, 6, 0, 18, 24 ] ], 
  [ [ 0, 0, 0, 0, 64 ], [ 0, 0, 0, 32, 32 ], [ 0, 0, 0, 0, 64 ], 
      [ 0, 8, 0, 24, 32 ], [ 1, 6, 1, 24, 32 ] ] ]

