 degree:12
 order:36
[ 12, 3, 8, 12 ][ 4, 6, 2, 0, 2, 4 ]

minimal polynomial:[ x-12, x-4, x, x+2, x+6 ]x^2-2*x-3
x^3-4*x^2-32*x
x^5-4*x^4-92*x^3-96*x^2+576*x

 SITA:
[ [ [ 1, 0, 0, 0, 0 ], [ 0, 1, 0, 0, 0 ], [ 0, 0, 1, 0, 0 ], [ 0, 0, 0, 1, 0 ], [ 0, 0, 0, 0, 1 ] ], 
  [ [ 0, 12, 0, 0, 0 ], [ 1, 4, 1, 4, 2 ], [ 0, 4, 0, 0, 8 ], [ 0, 6, 0, 0, 6 ], [ 0, 2, 2, 4, 4 ] ], 
  [ [ 0, 0, 3, 0, 0 ], [ 0, 1, 0, 0, 2 ], [ 1, 0, 2, 0, 0 ], [ 0, 0, 0, 3, 0 ], [ 0, 2, 0, 0, 1 ] ], 
  [ [ 0, 0, 0, 8, 0 ], [ 0, 4, 0, 0, 4 ], [ 0, 0, 0, 8, 0 ], [ 1, 0, 3, 4, 0 ], [ 0, 4, 0, 0, 4 ] ], 
  [ [ 0, 0, 0, 0, 12 ], [ 0, 2, 2, 4, 4 ], [ 0, 8, 0, 0, 4 ], [ 0, 6, 0, 0, 6 ], [ 1, 4, 1, 4, 2 ] ] ]

