 degree:10
 order:56
[ 10, 5, 10, 30 ][ 4, 3, 1, 3, 0, 1 ]

minimal polynomial:[ x-10, x-6, x+4, x^2+2*x-6 ]
 Galois type:1

 minimal polynomial of other basis elements:
 x^2-4*x-5
x^5-14*x^4+14*x^3+320*x^2-456*x-1440
x^4-14*x^3-516*x^2+1080*x

 SITA:
[ [ [ 1, 0, 0, 0, 0 ], [ 0, 1, 0, 0, 0 ], [ 0, 0, 1, 0, 0 ], [ 0, 0, 0, 1, 0 ], [ 0, 0, 0, 0, 1 ] ], 
  [ [ 0, 10, 0, 0, 0 ], [ 1, 1, 2, 3, 3 ], [ 0, 4, 0, 6, 0 ], [ 0, 3, 3, 1, 3 ], [ 0, 1, 0, 1, 8 ] ], 
  [ [ 0, 0, 5, 0, 0 ], [ 0, 2, 0, 3, 0 ], [ 1, 0, 4, 0, 0 ], [ 0, 3, 0, 2, 0 ], [ 0, 0, 0, 0, 5 ] ], 
  [ [ 0, 0, 0, 10, 0 ], [ 0, 3, 3, 1, 3 ], [ 0, 6, 0, 4, 0 ], [ 1, 1, 2, 3, 3 ], [ 0, 1, 0, 1, 8 ] ], 
  [ [ 0, 0, 0, 0, 30 ], [ 0, 3, 0, 3, 24 ], [ 0, 0, 0, 0, 30 ], [ 0, 3, 0, 3, 24 ], [ 1, 8, 5, 8, 8 ] ] ]


 Q-polynomial


