 degree:8
 order:20
[ 8, 2, 1, 8 ][ 4, 0, 3, 0, 1, 1 ]

minimal polynomial:[ x-8, x, x+2, x^2-8 ]
 Galois type:1

 minimal polynomial of other basis elements:
 x^3-4*x
x^2-1
x^5-6*x^4-24*x^3+48*x^2+128*x

 SITA:
[ [ [ 1, 0, 0, 0, 0 ], [ 0, 1, 0, 0, 0 ], [ 0, 0, 1, 0, 0 ], [ 0, 0, 0, 1, 0 ], [ 0, 0, 0, 0, 1 ] ], 
  [ [ 0, 8, 0, 0, 0 ], [ 1, 3, 1, 0, 3 ], [ 0, 4, 0, 0, 4 ], [ 0, 0, 0, 0, 8 ], [ 0, 3, 1, 1, 3 ] ], 
  [ [ 0, 0, 2, 0, 0 ], [ 0, 1, 0, 0, 1 ], [ 1, 0, 0, 1, 0 ], [ 0, 0, 2, 0, 0 ], [ 0, 1, 0, 0, 1 ] ], 
  [ [ 0, 0, 0, 1, 0 ], [ 0, 0, 0, 0, 1 ], [ 0, 0, 1, 0, 0 ], [ 1, 0, 0, 0, 0 ], [ 0, 1, 0, 0, 0 ] ], 
  [ [ 0, 0, 0, 0, 8 ], [ 0, 3, 1, 1, 3 ], [ 0, 4, 0, 0, 4 ], [ 0, 8, 0, 0, 0 ], [ 1, 3, 1, 0, 3 ] ] ]


 Q-polynomial


