 degree:12
 order:70
[ 12, 1, 24, 32 ][ 12, 1, 0, 0, 0, 6 ]

minimal polynomial:[ x-12, x-10, x, x+2, x+3 ]
x^2-1
x^4-29*x^3+84*x^2+864*x
x^4-28*x^3-160*x^2+1024*x

 SITA:
[ [ [ 1, 0, 0, 0, 0 ], [ 0, 1, 0, 0, 0 ], [ 0, 0, 1, 0, 0 ], 
      [ 0, 0, 0, 1, 0 ], [ 0, 0, 0, 0, 1 ] ], 
  [ [ 0, 12, 0, 0, 0 ], [ 1, 8, 1, 2, 0 ], [ 0, 12, 0, 0, 0 ], 
      [ 0, 1, 0, 3, 8 ], [ 0, 0, 0, 6, 6 ] ], 
  [ [ 0, 0, 1, 0, 0 ], [ 0, 1, 0, 0, 0 ], [ 1, 0, 0, 0, 0 ], 
      [ 0, 0, 0, 1, 0 ], [ 0, 0, 0, 0, 1 ] ], 
  [ [ 0, 0, 0, 24, 0 ], [ 0, 2, 0, 6, 16 ], [ 0, 0, 0, 24, 0 ], 
      [ 1, 3, 1, 11, 8 ], [ 0, 6, 0, 6, 12 ] ], 
  [ [ 0, 0, 0, 0, 32 ], [ 0, 0, 0, 16, 16 ], [ 0, 0, 0, 0, 32 ], 
      [ 0, 8, 0, 8, 16 ], [ 1, 6, 1, 12, 12 ] ] ]

