 degree:10
 order:32
[ 10, 1, 10, 10 ][ 10, 4, 0, 0, 0, 6 ]

minimal polynomial:[ x-10, x-6, x, x+2, x+6 ]
 Galois type:1

 minimal polynomial of other basis elements:
[ x-1, x+1 ]
[ x-10, x, x+2 ]
[ x-10, x-2, x, x+6 ]

 SITA:

[ [ [ 1, 0, 0, 0, 0 ], [ 0, 1, 0, 0, 0 ], [ 0, 0, 1, 0, 0 ], [ 0, 0, 0, 1, 0 ], [ 0, 0, 0, 0, 1 ] ], 
  [ [ 0, 10, 0, 0, 0 ], [ 1, 4, 1, 4, 0 ], [ 0, 10, 0, 0, 0 ], [ 0, 4, 0, 0, 6 ], [ 0, 0, 0, 6, 4 ] ], 
  [ [ 0, 0, 1, 0, 0 ], [ 0, 1, 0, 0, 0 ], [ 1, 0, 0, 0, 0 ], [ 0, 0, 0, 1, 0 ], [ 0, 0, 0, 0, 1 ] ], 
  [ [ 0, 0, 0, 10, 0 ], [ 0, 4, 0, 0, 6 ], [ 0, 0, 0, 10, 0 ], [ 1, 0, 1, 8, 0 ], [ 0, 6, 0, 0, 4 ] ], 
  [ [ 0, 0, 0, 0, 10 ], [ 0, 0, 0, 6, 4 ], [ 0, 0, 0, 0, 10 ], [ 0, 6, 0, 0, 4 ], [ 1, 4, 1, 4, 0 ] ] ]