 degree:12
 order:56
[ 12, 3, 16, 24 ][ 12, 0, 4, 0, 0, 8 ]

minimal polynomial:[ x-12, x, x+12, x^2-32 ]
 Galois type:1

 minimal polynomial of other basis elements:
 x^2-2*x-3
x^5-288*x^3+8192*x
x^3-20*x^2-96*x

 SITA:
[ [ [ 1, 0, 0, 0, 0 ], [ 0, 1, 0, 0, 0 ], [ 0, 0, 1, 0, 0 ], [ 0, 0, 0, 1, 0 ], [ 0, 0, 0, 0, 1 ] ], 
  [ [ 0, 12, 0, 0, 0 ], [ 1, 0, 3, 0, 8 ], [ 0, 12, 0, 0, 0 ], [ 0, 0, 0, 0, 12 ], [ 0, 4, 0, 8, 0 ] ], 
  [ [ 0, 0, 3, 0, 0 ], [ 0, 3, 0, 0, 0 ], [ 1, 0, 2, 0, 0 ], [ 0, 0, 0, 3, 0 ], [ 0, 0, 0, 0, 3 ] ], 
  [ [ 0, 0, 0, 16, 0 ], [ 0, 0, 0, 0, 16 ], [ 0, 0, 0, 16, 0 ], [ 1, 0, 3, 0, 12 ], [ 0, 8, 0, 8, 0 ] ], 
  [ [ 0, 0, 0, 0, 24 ], [ 0, 8, 0, 16, 0 ], [ 0, 0, 0, 0, 24 ], [ 0, 12, 0, 12, 0 ], [ 1, 0, 3, 0, 20 ] 
     ] ]

