 degree:10
 order:56
[ 10, 18, 9, 18 ][ 5, 0, 0, 0, 5, 5 ]

minimal polynomial:[ x-10, x, x+10, x^2-30 ]
 Galois type:1

 minimal polynomial of other basis elements:
 x^3-20*x^2+28*x+144
x^3-5*x^2-41*x+45
x^5-354*x^3+9720*x

 SITA:
[ [ [ 1, 0, 0, 0, 0 ], [ 0, 1, 0, 0, 0 ], [ 0, 0, 1, 0, 0 ], [ 0, 0, 0, 1, 0 ], [ 0, 0, 0, 0, 1 ] ], 
  [ [ 0, 10, 0, 0, 0 ], [ 1, 0, 9, 0, 0 ], [ 0, 5, 0, 0, 5 ], [ 0, 0, 0, 0, 10 ], [ 0, 0, 5, 5, 0 ] ], 
  [ [ 0, 0, 18, 0, 0 ], [ 0, 9, 0, 0, 9 ], [ 1, 0, 12, 5, 0 ], [ 0, 0, 10, 8, 0 ], [ 0, 5, 0, 0, 13 ] ], 
  [ [ 0, 0, 0, 9, 0 ], [ 0, 0, 0, 0, 9 ], [ 0, 0, 5, 4, 0 ], [ 1, 0, 8, 0, 0 ], [ 0, 5, 0, 0, 4 ] ], 
  [ [ 0, 0, 0, 0, 18 ], [ 0, 0, 9, 9, 0 ], [ 0, 5, 0, 0, 13 ], [ 0, 10, 0, 0, 8 ], [ 1, 0, 13, 4, 0 ] ] ]


 P-polynomial


