 degree:12
 order:224
[ 12, 1, 60, 150 ][ 12, 1, 0, 0, 0, 4 ]

minimal polynomial:[ x-12, x-8, x, x+2, x+4 ]
x^2-1
x^4-62*x^3+7200*x
x^4-150*x^3-100*x^2+15000*x

 SITA:
[ [ [ 1, 0, 0, 0, 0 ], [ 0, 1, 0, 0, 0 ], [ 0, 0, 1, 0, 0 ], 
      [ 0, 0, 0, 1, 0 ], [ 0, 0, 0, 0, 1 ] ], 
  [ [ 0, 12, 0, 0, 0 ], [ 1, 5, 1, 5, 0 ], [ 0, 12, 0, 0, 0 ], 
      [ 0, 1, 0, 1, 10 ], [ 0, 0, 0, 4, 8 ] ], 
  [ [ 0, 0, 1, 0, 0 ], [ 0, 1, 0, 0, 0 ], [ 1, 0, 0, 0, 0 ], 
      [ 0, 0, 0, 1, 0 ], [ 0, 0, 0, 0, 1 ] ], 
  [ [ 0, 0, 0, 60, 0 ], [ 0, 5, 0, 5, 50 ], [ 0, 0, 0, 60, 0 ], 
      [ 1, 1, 1, 17, 40 ], [ 0, 4, 0, 16, 40 ] ], 
  [ [ 0, 0, 0, 0, 150 ], [ 0, 0, 0, 50, 100 ], [ 0, 0, 0, 0, 150 ], 
      [ 0, 10, 0, 40, 100 ], [ 1, 8, 1, 40, 100 ] ] ]

