 degree:6
 order:20
 [6, 1, 6, 6 ][ 6, 1, 0, 0, 0, 4 ]

minimal polynomial:[ x-6, x, x+2, x^2-2*x-14 ]
 Galois type:1

 minimal polynomial of other basis elements:
[ x-1, x+1 ]
[ x-6, x, x+2, x^2-2*x-14 ]
[ x-6, x-2, x, x+4 ]

 SITA:            

[ [ [ 1, 0, 0, 0, 0 ], [ 0, 1, 0, 0, 0 ], [ 0, 0, 1, 0, 0 ], [ 0, 0, 0, 1, 0 ], [ 0, 0, 0, 0, 1 ] ], 
  [ [ 0, 6, 0, 0, 0 ], [ 1, 3, 1, 1, 0 ], [ 0, 6, 0, 0, 0 ], [ 0, 1, 0, 1, 4 ], [ 0, 0, 0, 4, 2 ] ], 
  [ [ 0, 0, 1, 0, 0 ], [ 0, 1, 0, 0, 0 ], [ 1, 0, 0, 0, 0 ], [ 0, 0, 0, 1, 0 ], [ 0, 0, 0, 0, 1 ] ], 
  [ [ 0, 0, 0, 6, 0 ], [ 0, 1, 0, 1, 4 ], [ 0, 0, 0, 6, 0 ], [ 1, 1, 1, 3, 0 ], [ 0, 4, 0, 0, 2 ] ], 
  [ [ 0, 0, 0, 0, 6 ], [ 0, 0, 0, 4, 2 ], [ 0, 0, 0, 0, 6 ], [ 0, 4, 0, 0, 2 ], [ 1, 2, 1, 2, 0 ] ] ]
 


