 degree:6
 order:21
[ 6, 2, 6, 6 ][ 6, 2, 0, 0, 0, 4 ]

minimal polynomial:[ x-6, x, x^3+3*x^2-18*x-48 ]
 Galois type:1

 minimal polynomial of other basis elements:
[ x-2, x+1 ]
[ x-6, x, x^3+3*x^2-18*x-48 ]
[ x-6, x, x^3+3*x^2-18*x-48 ]

 SITA:              

[ [ [ 1, 0, 0, 0, 0 ], [ 0, 1, 0, 0, 0 ], [ 0, 0, 1, 0, 0 ], [ 0, 0, 0, 1, 0 ], [ 0, 0, 0, 0, 1 ] ], 
  [ [ 0, 6, 0, 0, 0 ], [ 1, 1, 2, 2, 0 ], [ 0, 6, 0, 0, 0 ], [ 0, 2, 0, 0, 4 ], [ 0, 0, 0, 4, 2 ] ], 
  [ [ 0, 0, 2, 0, 0 ], [ 0, 2, 0, 0, 0 ], [ 1, 0, 1, 0, 0 ], [ 0, 0, 0, 2, 0 ], [ 0, 0, 0, 0, 2 ] ], 
  [ [ 0, 0, 0, 6, 0 ], [ 0, 2, 0, 0, 4 ], [ 0, 0, 0, 6, 0 ], [ 1, 0, 2, 1, 2 ], [ 0, 4, 0, 2, 0 ] ], 
  [ [ 0, 0, 0, 0, 6 ], [ 0, 0, 0, 4, 2 ], [ 0, 0, 0, 0, 6 ], [ 0, 4, 0, 2, 0 ], [ 1, 2, 2, 0, 1 ] ] ]
 