 degree:12
 order:70
[ 12, 1, 24, 32 ][ 12, 2, 0, 0, 0, 6 ]

minimal polynomial:[ x-12, x, x+2, x^2-4*x-36 ]
 Galois type:1

 minimal polynomial of other basis elements:
 x^2-1
x^5-28*x^4+40*x^3+1248*x^2+2304*x
x^4-28*x^3-160*x^2+1024*x

 SITA:
[ [ [ 1, 0, 0, 0, 0 ], [ 0, 1, 0, 0, 0 ], [ 0, 0, 1, 0, 0 ], 
      [ 0, 0, 0, 1, 0 ], [ 0, 0, 0, 0, 1 ] ], 
  [ [ 0, 12, 0, 0, 0 ], [ 1, 6, 1, 4, 0 ], [ 0, 12, 0, 0, 0 ], 
      [ 0, 2, 0, 2, 8 ], [ 0, 0, 0, 6, 6 ] ], 
  [ [ 0, 0, 1, 0, 0 ], [ 0, 1, 0, 0, 0 ], [ 1, 0, 0, 0, 0 ], 
      [ 0, 0, 0, 1, 0 ], [ 0, 0, 0, 0, 1 ] ], 
  [ [ 0, 0, 0, 24, 0 ], [ 0, 4, 0, 4, 16 ], [ 0, 0, 0, 24, 0 ], 
      [ 1, 2, 1, 12, 8 ], [ 0, 6, 0, 6, 12 ] ], 
  [ [ 0, 0, 0, 0, 32 ], [ 0, 0, 0, 16, 16 ], [ 0, 0, 0, 0, 32 ], 
      [ 0, 8, 0, 8, 16 ], [ 1, 6, 1, 12, 12 ] ] ]

