 degree:12
 order:36
[ 12, 2, 9, 12 ][ 12, 4, 0, 0, 0, 6 ]

minimal polynomial:[ x-12, x, x+6, x^2-6*x-24 ]
 Galois type:1

 minimal polynomial of other basis elements:
 x^2-x-2
x^3-6*x^2-27*x
x^5-132*x^3-288*x^2+1728*x

 SITA:
[ [ [ 1, 0, 0, 0, 0 ], [ 0, 1, 0, 0, 0 ], [ 0, 0, 1, 0, 0 ], 
      [ 0, 0, 0, 1, 0 ], [ 0, 0, 0, 0, 1 ] ], 
  [ [ 0, 12, 0, 0, 0 ], [ 1, 6, 2, 3, 0 ], [ 0, 12, 0, 0, 0 ], 
      [ 0, 4, 0, 0, 8 ], [ 0, 0, 0, 6, 6 ] ], 
  [ [ 0, 0, 2, 0, 0 ], [ 0, 2, 0, 0, 0 ], [ 1, 0, 1, 0, 0 ], 
      [ 0, 0, 0, 2, 0 ], [ 0, 0, 0, 0, 2 ] ], 
  [ [ 0, 0, 0, 9, 0 ], [ 0, 3, 0, 0, 6 ], [ 0, 0, 0, 9, 0 ], 
      [ 1, 0, 2, 6, 0 ], [ 0, 6, 0, 0, 3 ] ], 
  [ [ 0, 0, 0, 0, 12 ], [ 0, 0, 0, 6, 6 ], [ 0, 0, 0, 0, 12 ], 
      [ 0, 8, 0, 0, 4 ], [ 1, 6, 2, 3, 0 ] ] ]

