 degree:12
 order:35
[ 12, 4, 6, 12 ][ 3, 8, 5, 2, 2, 1 ]

minimal polynomial:[ x-12, x-2, x, x+2, x+7 ]x^2-3*x-4
x^5-7*x^4-7*x^3+79*x^2+6*x-72
x^4-10*x^3-33*x^2+90*x+216

 SITA:
[ [ [ 1, 0, 0, 0, 0 ], [ 0, 1, 0, 0, 0 ], [ 0, 0, 1, 0, 0 ], [ 0, 0, 0, 1, 0 ], [ 0, 0, 0, 0, 1 ] ], 
  [ [ 0, 12, 0, 0, 0 ], [ 1, 1, 1, 4, 5 ], [ 0, 3, 0, 3, 6 ], [ 0, 8, 2, 0, 2 ], [ 0, 5, 2, 1, 4 ] ], 
  [ [ 0, 0, 4, 0, 0 ], [ 0, 1, 0, 1, 2 ], [ 1, 0, 3, 0, 0 ], [ 0, 2, 0, 0, 2 ], [ 0, 2, 0, 1, 1 ] ], 
  [ [ 0, 0, 0, 6, 0 ], [ 0, 4, 1, 0, 1 ], [ 0, 3, 0, 0, 3 ], [ 1, 0, 0, 1, 4 ], [ 0, 1, 1, 2, 2 ] ], 
  [ [ 0, 0, 0, 0, 12 ], [ 0, 5, 2, 1, 4 ], [ 0, 6, 0, 3, 3 ], [ 0, 2, 2, 4, 4 ], [ 1, 4, 1, 2, 4 ] ] ]

