 degree:12
 order:42
[ 12, 1, 12, 16 ][ 12, 4, 0, 0, 0, 6 ]

minimal polynomial:[ x-12, x-8, x, x+2, x+6 ]
x^2-1
x^3-10*x^2-24*x
x^4-10*x^3-112*x^2+256*x

 SITA:
[ [ [ 1, 0, 0, 0, 0 ], [ 0, 1, 0, 0, 0 ], [ 0, 0, 1, 0, 0 ], 
      [ 0, 0, 0, 1, 0 ], [ 0, 0, 0, 0, 1 ] ], 
  [ [ 0, 12, 0, 0, 0 ], [ 1, 6, 1, 4, 0 ], [ 0, 12, 0, 0, 0 ], 
      [ 0, 4, 0, 0, 8 ], [ 0, 0, 0, 6, 6 ] ], 
  [ [ 0, 0, 1, 0, 0 ], [ 0, 1, 0, 0, 0 ], [ 1, 0, 0, 0, 0 ], 
      [ 0, 0, 0, 1, 0 ], [ 0, 0, 0, 0, 1 ] ], 
  [ [ 0, 0, 0, 12, 0 ], [ 0, 4, 0, 0, 8 ], [ 0, 0, 0, 12, 0 ], 
      [ 1, 0, 1, 10, 0 ], [ 0, 6, 0, 0, 6 ] ], 
  [ [ 0, 0, 0, 0, 16 ], [ 0, 0, 0, 8, 8 ], [ 0, 0, 0, 0, 16 ], 
      [ 0, 8, 0, 0, 8 ], [ 1, 6, 1, 6, 2 ] ] ]

