 degree:12
 order:56
[ 12, 12, 1, 30 ][ 3, 0, 2, 12, 2, 0 ]

minimal polynomial:[ x-12, x-4, x+2, x^2-12 ]
 Galois type:1

 minimal polynomial of other basis elements:
 x^5-14*x^4+4*x^3+264*x^2-192*x-1152
x^2-1
x^4-22*x^3-260*x^2+600*x

 SITA:
[ [ [ 1, 0, 0, 0, 0 ], [ 0, 1, 0, 0, 0 ], [ 0, 0, 1, 0, 0 ], [ 0, 0, 0, 1, 0 ], [ 0, 0, 0, 0, 1 ] ], 
  [ [ 0, 12, 0, 0, 0 ], [ 1, 3, 3, 0, 5 ], [ 0, 3, 3, 1, 5 ], [ 0, 0, 12, 0, 0 ], [ 0, 2, 2, 0, 8 ] ], 
  [ [ 0, 0, 12, 0, 0 ], [ 0, 3, 3, 1, 5 ], [ 1, 3, 3, 0, 5 ], [ 0, 12, 0, 0, 0 ], [ 0, 2, 2, 0, 8 ] ], 
  [ [ 0, 0, 0, 1, 0 ], [ 0, 0, 1, 0, 0 ], [ 0, 1, 0, 0, 0 ], [ 1, 0, 0, 0, 0 ], [ 0, 0, 0, 0, 1 ] ], 
  [ [ 0, 0, 0, 0, 30 ], [ 0, 5, 5, 0, 20 ], [ 0, 5, 5, 0, 20 ], [ 0, 0, 0, 0, 30 ], [ 1, 8, 8, 1, 12 ] ] 
 ]


 Q-polynomial


