 degree:12
 order:60
[ 12, 3, 12, 32 ][ 4, 0, 3, 2, 0, 3 ]

minimal polynomial:[ x-12, x-4, x-2, x+2, x+6 ]x^2-2*x-3
x^4-4*x^3-92*x^2-96*x+576
x^4-32*x^3-64*x^2+2048*x

 SITA:
[ [ [ 1, 0, 0, 0, 0 ], [ 0, 1, 0, 0, 0 ], [ 0, 0, 1, 0, 0 ], [ 0, 0, 0, 1, 0 ], [ 0, 0, 0, 0, 1 ] ], 
  [ [ 0, 12, 0, 0, 0 ], [ 1, 2, 1, 0, 8 ], [ 0, 4, 0, 8, 0 ], [ 0, 0, 2, 2, 8 ], [ 0, 3, 0, 3, 6 ] ], 
  [ [ 0, 0, 3, 0, 0 ], [ 0, 1, 0, 2, 0 ], [ 1, 0, 2, 0, 0 ], [ 0, 2, 0, 1, 0 ], [ 0, 0, 0, 0, 3 ] ], 
  [ [ 0, 0, 0, 12, 0 ], [ 0, 0, 2, 2, 8 ], [ 0, 8, 0, 4, 0 ], [ 1, 2, 1, 0, 8 ], [ 0, 3, 0, 3, 6 ] ], 
  [ [ 0, 0, 0, 0, 32 ], [ 0, 8, 0, 8, 16 ], [ 0, 0, 0, 0, 32 ], [ 0, 8, 0, 8, 16 ], [ 1, 6, 3, 6, 16 ] ] 
 ]

