 degree:10
 order:24
[ 10, 2, 1, 10 ][ 5, 0, 4, 0, 1, 1 ]

minimal polynomial:[ x-10, x, x+2, x^2-10 ]
 Galois type:1

 minimal polynomial of other basis elements:
 x^3-4*x
x^2-1
x^5-8*x^4-30*x^3+80*x^2+200*x

 SITA:
[ [ [ 1, 0, 0, 0, 0 ], [ 0, 1, 0, 0, 0 ], [ 0, 0, 1, 0, 0 ], [ 0, 0, 0, 1, 0 ], [ 0, 0, 0, 0, 1 ] ], 
  [ [ 0, 10, 0, 0, 0 ], [ 1, 4, 1, 0, 4 ], [ 0, 5, 0, 0, 5 ], [ 0, 0, 0, 0, 10 ], [ 0, 4, 1, 1, 4 ] ], 
  [ [ 0, 0, 2, 0, 0 ], [ 0, 1, 0, 0, 1 ], [ 1, 0, 0, 1, 0 ], [ 0, 0, 2, 0, 0 ], [ 0, 1, 0, 0, 1 ] ], 
  [ [ 0, 0, 0, 1, 0 ], [ 0, 0, 0, 0, 1 ], [ 0, 0, 1, 0, 0 ], [ 1, 0, 0, 0, 0 ], [ 0, 1, 0, 0, 0 ] ], 
  [ [ 0, 0, 0, 0, 10 ], [ 0, 4, 1, 1, 4 ], [ 0, 5, 0, 0, 5 ], [ 0, 10, 0, 0, 0 ], [ 1, 4, 1, 0, 4 ] ] ]


 Q-polynomial


