 degree:6
 order:24
[ 6, 10, 1, 6 ][ 3, 0, 0, 0, 5, 1 ]

minimal polynomial:[ x-6, x, x+6, x^2-6 ] 
 Galois type:1

 minimal polynomial of other basis elements:
[ x-10, x, x+2 ]
[ x-1, x+1 ]
[ x-6, x, x+6, x^2-6 ]
 SITA:              
            

[ [ [ 1, 0, 0, 0, 0 ], [ 0, 1, 0, 0, 0 ], [ 0, 0, 1, 0, 0 ], [ 0, 0, 0, 1, 0 ], [ 0, 0, 0, 0, 1 ] ], 
  [ [ 0, 6, 0, 0, 0 ], [ 1, 0, 5, 0, 0 ], [ 0, 3, 0, 0, 3 ], [ 0, 0, 0, 0, 6 ], [ 0, 0, 5, 1, 0 ] ], 
  [ [ 0, 0, 10, 0, 0 ], [ 0, 5, 0, 0, 5 ], [ 1, 0, 8, 1, 0 ], [ 0, 0, 10, 0, 0 ], [ 0, 5, 0, 0, 5 ] ], 
  [ [ 0, 0, 0, 1, 0 ], [ 0, 0, 0, 0, 1 ], [ 0, 0, 1, 0, 0 ], [ 1, 0, 0, 0, 0 ], [ 0, 1, 0, 0, 0 ] ], 
  [ [ 0, 0, 0, 0, 6 ], [ 0, 0, 5, 1, 0 ], [ 0, 3, 0, 0, 3 ], [ 0, 6, 0, 0, 0 ], [ 1, 0, 5, 0, 0 ] ] ]
 
   