 degree:10
 order:36
[ 10, 1, 8, 16 ][ 10, 0, 5, 0, 0, 5 ]

minimal polynomial:[ x-10, x, x+10, x^2-10 ]
 Galois type:1

 minimal polynomial of other basis elements:
 x^2-1
x^5-74*x^3+640*x
x^3-14*x^2-32*x

 SITA:
[ [ [ 1, 0, 0, 0, 0 ], [ 0, 1, 0, 0, 0 ], [ 0, 0, 1, 0, 0 ], [ 0, 0, 0, 1, 0 ], [ 0, 0, 0, 0, 1 ] ], 
  [ [ 0, 10, 0, 0, 0 ], [ 1, 0, 1, 0, 8 ], [ 0, 10, 0, 0, 0 ], [ 0, 0, 0, 0, 10 ], [ 0, 5, 0, 5, 0 ] ], 
  [ [ 0, 0, 1, 0, 0 ], [ 0, 1, 0, 0, 0 ], [ 1, 0, 0, 0, 0 ], [ 0, 0, 0, 1, 0 ], [ 0, 0, 0, 0, 1 ] ], 
  [ [ 0, 0, 0, 8, 0 ], [ 0, 0, 0, 0, 8 ], [ 0, 0, 0, 8, 0 ], [ 1, 0, 1, 0, 6 ], [ 0, 5, 0, 3, 0 ] ], 
  [ [ 0, 0, 0, 0, 16 ], [ 0, 8, 0, 8, 0 ], [ 0, 0, 0, 0, 16 ], [ 0, 10, 0, 6, 0 ], [ 1, 0, 1, 0, 14 ] ] ]

