 degree:12
 order:104
[ 12, 1, 36, 54 ][ 12, 2, 0, 0, 0, 4 ]

minimal polynomial:[ x-12, x, x+4, x^2-8*x+4 ]
 Galois type:1

 minimal polynomial of other basis elements:
 x^2-1
x^5-28*x^4-348*x^3+2208*x^2-1728*x
x^5-52*x^4-216*x^3+5616*x^2+11664*x

 SITA:
[ [ [ 1, 0, 0, 0, 0 ], [ 0, 1, 0, 0, 0 ], [ 0, 0, 1, 0, 0 ], 
      [ 0, 0, 0, 1, 0 ], [ 0, 0, 0, 0, 1 ] ], 
  [ [ 0, 12, 0, 0, 0 ], [ 1, 4, 1, 6, 0 ], [ 0, 12, 0, 0, 0 ], 
      [ 0, 2, 0, 4, 6 ], [ 0, 0, 0, 4, 8 ] ], 
  [ [ 0, 0, 1, 0, 0 ], [ 0, 1, 0, 0, 0 ], [ 1, 0, 0, 0, 0 ], 
      [ 0, 0, 0, 1, 0 ], [ 0, 0, 0, 0, 1 ] ], 
  [ [ 0, 0, 0, 36, 0 ], [ 0, 6, 0, 12, 18 ], [ 0, 0, 0, 36, 0 ], 
      [ 1, 4, 1, 6, 24 ], [ 0, 4, 0, 16, 16 ] ], 
  [ [ 0, 0, 0, 0, 54 ], [ 0, 0, 0, 18, 36 ], [ 0, 0, 0, 0, 54 ], 
      [ 0, 6, 0, 24, 24 ], [ 1, 8, 1, 16, 28 ] ] ]

