 degree:12
 order:56
[ 12, 1, 12, 30 ][ 12, 0, 4, 0, 0, 4 ]

minimal polynomial:[ x-12, x-4, x, x+2, x+8 ]x^2-1
x^4-13*x^3-8*x^2+240*x
x^5-33*x^4+30*x^3+1700*x^2+3000*x

 SITA:
[ [ [ 1, 0, 0, 0, 0 ], [ 0, 1, 0, 0, 0 ], [ 0, 0, 1, 0, 0 ], [ 0, 0, 0, 1, 0 ], [ 0, 0, 0, 0, 1 ] ], 
  [ [ 0, 12, 0, 0, 0 ], [ 1, 0, 1, 0, 10 ], [ 0, 12, 0, 0, 0 ], [ 0, 0, 0, 2, 10 ], [ 0, 4, 0, 4, 4 ] ], 
  [ [ 0, 0, 1, 0, 0 ], [ 0, 1, 0, 0, 0 ], [ 1, 0, 0, 0, 0 ], [ 0, 0, 0, 1, 0 ], [ 0, 0, 0, 0, 1 ] ], 
  [ [ 0, 0, 0, 12, 0 ], [ 0, 0, 0, 2, 10 ], [ 0, 0, 0, 12, 0 ], [ 1, 2, 1, 3, 5 ], [ 0, 4, 0, 2, 6 ] ], 
  [ [ 0, 0, 0, 0, 30 ], [ 0, 10, 0, 10, 10 ], [ 0, 0, 0, 0, 30 ], [ 0, 10, 0, 5, 15 ], 
      [ 1, 4, 1, 6, 18 ] ] ]

