 degree:5
 Order:40
[ 5, 10, 4, 20 ][ 1, 0, 0, 0, 2, 1 ]

minimal polynomial:[x-5, x, x+3, x^2-2*x-5 ]
[ x-10, x, x+5 ]
[ x-4, x+1 ]
[ x-20, x, x+12, x^2+2*x-5 ]

 SITA:

[ [ [ 1, 0, 0, 0, 0 ], [ 0, 1, 0, 0, 0 ], [ 0, 0, 1, 0, 0 ], [ 0, 0, 0, 1, 0 ], [ 0, 0, 0, 0, 1 ] ],
  [ [ 0, 5, 0, 0, 0 ], [ 1, 2, 2, 0, 0 ], [ 0, 1, 0, 0, 4 ], [ 0, 0, 0, 0, 5 ], [ 0, 0, 2, 1, 2 ] ],
  [ [ 0, 0, 10, 0, 0 ], [ 0, 2, 0, 0, 8 ], [ 1, 0, 5, 4, 0 ], [ 0, 0, 10, 0, 0 ], [ 0, 2, 0, 0, 8 ] ],
  [ [ 0, 0, 0, 4, 0 ], [ 0, 0, 0, 0, 4 ], [ 0, 0, 4, 0, 0 ], [ 1, 0, 0, 3, 0 ], [ 0, 1, 0, 0, 3 ] ],
  [ [ 0, 0, 0, 0, 20 ], [ 0, 0, 8, 4, 8 ], [ 0, 4, 0, 0, 16 ], [ 0, 5, 0, 0, 15 ], [ 1, 2, 8, 3, 6 ] ]
 ]