 degree:12
 order:308
[ 12, 1, 84, 210 ][ 12, 1, 0, 0, 0, 4 ]

minimal polynomial:[ x-12, x, x+2, x^2-2*x-32 ]
 Galois type:1

 minimal polynomial of other basis elements:
 x^2-1
x^5-84*x^4-180*x^3+15344*x^2-18816*x
x^4-214*x^3+700*x^2+29400*x

 SITA:
[ [ [ 1, 0, 0, 0, 0 ], [ 0, 1, 0, 0, 0 ], [ 0, 0, 1, 0, 0 ], 
      [ 0, 0, 0, 1, 0 ], [ 0, 0, 0, 0, 1 ] ], 
  [ [ 0, 12, 0, 0, 0 ], [ 1, 3, 1, 7, 0 ], [ 0, 12, 0, 0, 0 ], 
      [ 0, 1, 0, 1, 10 ], [ 0, 0, 0, 4, 8 ] ], 
  [ [ 0, 0, 1, 0, 0 ], [ 0, 1, 0, 0, 0 ], [ 1, 0, 0, 0, 0 ], 
      [ 0, 0, 0, 1, 0 ], [ 0, 0, 0, 0, 1 ] ], 
  [ [ 0, 0, 0, 84, 0 ], [ 0, 7, 0, 7, 70 ], [ 0, 0, 0, 84, 0 ], 
      [ 1, 1, 1, 21, 60 ], [ 0, 4, 0, 24, 56 ] ], 
  [ [ 0, 0, 0, 0, 210 ], [ 0, 0, 0, 70, 140 ], [ 0, 0, 0, 0, 210 ], 
      [ 0, 10, 0, 60, 140 ], [ 1, 8, 1, 56, 144 ] ] ]

