 degree:12
 order:42
[ 12, 2, 9, 18 ][ 12, 0, 6, 0, 0, 6 ]

minimal polynomial:[ x-12, x, x+12, x^2-18 ]
 Galois type:1

 minimal polynomial of other basis elements:
 x^2-x-2
x^5-99*x^3+1458*x
x^3-15*x^2-54*x

 SITA:
[ [ [ 1, 0, 0, 0, 0 ], [ 0, 1, 0, 0, 0 ], [ 0, 0, 1, 0, 0 ], [ 0, 0, 0, 1, 0 ], [ 0, 0, 0, 0, 1 ] ], 
  [ [ 0, 12, 0, 0, 0 ], [ 1, 0, 2, 0, 9 ], [ 0, 12, 0, 0, 0 ], [ 0, 0, 0, 0, 12 ], [ 0, 6, 0, 6, 0 ] ], 
  [ [ 0, 0, 2, 0, 0 ], [ 0, 2, 0, 0, 0 ], [ 1, 0, 1, 0, 0 ], [ 0, 0, 0, 2, 0 ], [ 0, 0, 0, 0, 2 ] ], 
  [ [ 0, 0, 0, 9, 0 ], [ 0, 0, 0, 0, 9 ], [ 0, 0, 0, 9, 0 ], [ 1, 0, 2, 0, 6 ], [ 0, 6, 0, 3, 0 ] ], 
  [ [ 0, 0, 0, 0, 18 ], [ 0, 9, 0, 9, 0 ], [ 0, 0, 0, 0, 18 ], [ 0, 12, 0, 6, 0 ], [ 1, 0, 2, 0, 15 ] ] ]

