 degree:9
 order:30
[ 9, 2, 9, 9 ][ 9, 3, 0, 0, 0, 6 ]

minimal polynomial:[ x-9, x-6, x, x+3, x+6 ] 

 minimal polynomial of other basis elements:
[ x-2, x+1 ]
[ x-9, x, x+3 ]
[ x-9, x-3, x, x+6 ]

 SITA:


[ [ [ 1, 0, 0, 0, 0 ], [ 0, 1, 0, 0, 0 ], [ 0, 0, 1, 0, 0 ], [ 0, 0, 0, 1, 0 ], [ 0, 0, 0, 0, 1 ] ], 
  [ [ 0, 9, 0, 0, 0 ], [ 1, 3, 2, 3, 0 ], [ 0, 9, 0, 0, 0 ], [ 0, 3, 0, 0, 6 ], [ 0, 0, 0, 6, 3 ] ], 
  [ [ 0, 0, 2, 0, 0 ], [ 0, 2, 0, 0, 0 ], [ 1, 0, 1, 0, 0 ], [ 0, 0, 0, 2, 0 ], [ 0, 0, 0, 0, 2 ] ], 
  [ [ 0, 0, 0, 9, 0 ], [ 0, 3, 0, 0, 6 ], [ 0, 0, 0, 9, 0 ], [ 1, 0, 2, 6, 0 ], [ 0, 6, 0, 0, 3 ] ], 
  [ [ 0, 0, 0, 0, 9 ], [ 0, 0, 0, 6, 3 ], [ 0, 0, 0, 0, 9 ], [ 0, 6, 0, 0, 3 ], [ 1, 3, 2, 3, 0 ] ] ]
 