 degree:12
 order:230
[ 12, 1, 54, 162 ][ 12, 2, 0, 0, 0, 2 ]

minimal polynomial:[ x-12, x-7, x, x^2+4*x-8 ]
 Galois type:1

 minimal polynomial of other basis elements:
 x^2-1
x^5-57*x^4+42*x^3+7074*x^2-32076*x
x^5-150*x^4-2070*x^3+20088*x^2+52488*x

 SITA:
[ [ [ 1, 0, 0, 0, 0 ], [ 0, 1, 0, 0, 0 ], [ 0, 0, 1, 0, 0 ], 
      [ 0, 0, 0, 1, 0 ], [ 0, 0, 0, 0, 1 ] ], 
  [ [ 0, 12, 0, 0, 0 ], [ 1, 1, 1, 9, 0 ], [ 0, 12, 0, 0, 0 ], 
      [ 0, 2, 0, 4, 6 ], [ 0, 0, 0, 2, 10 ] ], 
  [ [ 0, 0, 1, 0, 0 ], [ 0, 1, 0, 0, 0 ], [ 1, 0, 0, 0, 0 ], 
      [ 0, 0, 0, 1, 0 ], [ 0, 0, 0, 0, 1 ] ], 
  [ [ 0, 0, 0, 54, 0 ], [ 0, 9, 0, 18, 27 ], [ 0, 0, 0, 54, 0 ], 
      [ 1, 4, 1, 9, 39 ], [ 0, 2, 0, 13, 39 ] ], 
  [ [ 0, 0, 0, 0, 162 ], [ 0, 0, 0, 27, 135 ], [ 0, 0, 0, 0, 162 ], 
      [ 0, 6, 0, 39, 117 ], [ 1, 10, 1, 39, 111 ] ] ]

